,hemisphere_id,id,is_injection,max_voxel_density,max_voxel_x,max_voxel_y,max_voxel_z,normalized_projection_volume,projection_density,projection_energy,projection_intensity,projection_volume,experiment_id,structure_id,sum_pixel_intensity,sum_pixels,sum_projection_pixel_intensity,sum_projection_pixels,volume
0,3,633277604,False,0.508568346500397,5930,6000,8210,0.0089587312225259,0.0146523720810745,11.171374869281,762.427735759615,0.00692157471113281,114046440,998,111337295872.0,385621184.0,4307918804.0,5650265.0703125,0.4723859504
1,1,633276334,False,0.62463766336441,10640,4050,4880,0.0773939336963161,0.00649179704487324,3.43963956832886,529.843994140625,0.0597950626,114046440,771,1109074132736.0,7519073280.0,25862901760.0,48812296.0,9.210864768
2,3,633276950,False,0.634295344352722,10810,4240,6680,0.00205781427549663,0.0995491372417046,88.4971040238084,888.979116001157,0.00158988085429687,114046440,147,4620481664.0,13037400.0,1153772144.0,1297861.921875,0.015970815
3,3,633277586,False,0.487898856401443,6520,880,8650,0.00640228713136864,0.00534434201807445,3.57746842599498,669.393615508898,0.00494644917915039,114046440,981,205115916288.0,755550016.0,2702956326.5,4037917.69726562,0.9255487696
4,1,633276322,False,0.0,0,0,0,0.0,0.0,0.0,0.0,0.0,114046440,791,29489356800.0,81607504.0,0.0,0.0,0.0999691924
5,1,633276176,False,0.436909854412079,11550,5410,5400,5.29174562309986e-05,0.000309921393636614,0.142390415072441,459.4404296875,4.0884375e-05,114046440,970,13871560704.0,107688600.0,15333824.0,33375.0,0.131918535
6,1,633276343,False,0.360833644866943,5070,6990,4000,6.7385840658185e-05,2.46999588853214e-05,0.0141705442219973,573.707214355469,5.20627440429687e-05,114046440,754,452055990272.0,1720658688.0,24382670.0,42500.19921875,2.1078068928
7,3,633277158,False,0.147205680608749,8950,1730,9000,3.40412633649976e-05,1.94638267926197e-05,0.0129953517075576,667.666838901651,2.63005041439056e-05,114046440,409,383494975488.0,1103061568.0,14334673.03125,21469.7993011475,1.3512504208
8,1,633276512,False,0.592597544193268,6030,1310,4570,0.00182211601254076,0.00010444809772906,0.0596454126690736,571.053125580082,0.00140777882491226,114046440,500,3616403844096.0,11002662844.0,656258365.789062,1149207.20401001,13.4782619839
9,3,633277729,False,0.290949463844299,9010,2870,9430,0.000103815836514386,5.47804646008401e-05,0.0491817510864569,897.797261210206,8.02087986328125e-05,114046440,484682470,423770816512.0,1195254016.0,58784685.5,65476.5703125,1.4641861696
10,1,633276267,False,0.585368037223816,10050,4560,4430,0.0160791676648943,0.0200914181768894,11.83323097229,588.969421386719,0.012422870775,114046440,867,110400963584.0,504748800.0,5972809216.0,10141119.0,0.61831728
11,2,633275590,False,0.196629554033279,12890,5350,6270,0.000191663979255608,0.00064768825249981,0.319246645909608,492.901708001415,0.000148080851953125,114046440,720,33052854272.0,186636592.0,59583106.0,120882.328125,0.2286298252
12,2,633275281,False,0.225217267870903,7510,4260,10230,4.92642472428913e-05,7.2739327151794e-05,0.0650485903024673,894.269836425781,3.80618816894531e-05,114046440,289,148136247296.0,427154400.0,27785790.0,31070.923828125,0.52326414
13,1,633276256,False,0.228997707366943,6590,1900,5610,0.000160841847185043,5.18564309445388e-05,0.0344230000482082,663.813521702333,0.000124267469836426,114046440,886,737319757312.0,1956224728.0,67339123.90625,101442.832519531,2.3963752918
14,2,633275357,False,0.24872313439846,13140,5090,6540,1.11992303499065e-05,0.000703492492903024,0.0716969668865204,101.915756225586,8.65259908447265e-06,114046440,380,324027968.0,10040400.0,719866.25,7063.34619140625,0.01229949
15,1,633276131,False,0.0213925745338202,6540,1870,3490,3.2991912097929e-07,6.31313741905615e-06,0.0033467102330178,530.118408203125,2.5489768447876e-07,114046440,1026,6209649152.0,32959800.0,110306.8984375,208.079742431641,0.040375755
16,1,633276427,False,0.397071570158005,8080,2420,5040,0.00016143176084831,0.00110110628884286,1.04650270938873,950.410278320312,0.000124723241015625,114046440,628,25275011072.0,92466000.0,96765920.0,101814.890625,0.11327085
17,3,633276860,False,0.405763030052185,1870,3740,7150,0.000291821716995873,0.000192571366683827,0.0527805137429515,274.082874582332,0.000225463379394531,114046440,21,58454384640.0,955758592.0,50445429.5,184051.73828125,1.1708042752
18,3,633277122,False,0.734318196773529,13050,5790,5340,0.484341580562507,0.0109611576294922,6.33844871097025,578.2645342054,0.3742054932,114046440,354,4066087976032.0,27868760064.0,176644706304.0,305473872.0,34.1392310784
19,3,633277553,False,0.999629199504852,7070,5760,6350,0.188232942795363,0.186695045876029,324.49340924763,1738.09330464561,0.1454300106,114046440,946,505482799872.0,635894624.0,206343614464.0,118718376.0,0.7789709144
20,2,633275699,True,1.0,6630,5180,6790,0.0867203492100966,0.764270446213252,2902.96404603987,3798.34659370024,0.0670007126147461,114046440,864,228202153009.0,71564273.5478516,207748513090.375,54694459.2773438,0.0876662350961182
21,3,633277359,False,0.719717860221863,3680,4070,6130,0.0431467699775691,0.000710944799998415,0.486733176523244,684.628647012157,0.0333354784875,114046440,698,9565578616832.0,38276720640.0,18630549824.0,27212635.5,46.888982784
22,2,633276008,False,0.456910669803619,8750,5340,6080,0.00113578420946712,0.025670237839222,17.280689239502,673.179931640625,0.00087751435625,114046440,607344846,8069612544.0,27905400.0,482224544.0,716338.25,0.034184115
23,3,633277075,False,0.607239723205566,10950,6960,6140,0.0148164798640619,0.0194682633821006,7.50645308301448,385.5738406496,0.01144730986875,114046440,307,48800327680.0,479998784.0,3603088352.0,9344742.75,0.5879985104
24,3,633277228,False,0.20603221654892,9890,3790,8820,4.20852947661448e-05,2.36677658680343e-05,0.0136803194086948,578.014819183736,3.25153757522583e-05,114046440,526,255132819456.0,1121490048.0,15342342.0703125,26543.1638793945,1.3738253088
25,3,633277452,False,0.693920195102692,5480,6630,6830,0.0876700897708804,0.0406612908083654,28.8844320085042,710.366823931762,0.0677344884234375,114046440,826,334039529472.0,1359855008.0,39278639520.0,55293459.9375,1.6658223848
26,3,633277167,False,0.321298509836197,9780,2420,8980,9.08401550470431e-05,8.01276391244387e-05,0.0488980145607953,610.251532368954,7.01837017219633e-05,114046440,425,209057158912.0,715019416.0,34963029.8148193,57292.8177322149,0.8758987846
27,1,633276167,False,0.558135569095612,7650,6110,5320,0.0073601807739445,0.0780250355601311,71.1102752685547,911.377685546875,0.0056865241125,114046440,980,21790369792.0,59494500.0,4230670336.0,4642060.5,0.0728807625
28,1,633276791,False,0.221031546592712,7500,2560,5650,6.93292255673369e-05,2.62528537859907e-05,0.0177362877875566,675.594665527344,5.3564216015625e-05,114046440,81,55637699072.0,1665567104.0,29540978.0,43725.890625,2.0403197024
29,2,633275865,False,0.683226108551025,10560,6700,6260,0.0192464649106327,0.01028105430305,4.39680624008179,427.661041259766,0.014869945475,114046440,1048,126329577472.0,1180689280.0,5191262208.0,12138731.0,1.446344368
30,2,633275347,False,0.592070162296295,7020,5110,6140,0.0178919698816721,0.0818596556782722,76.4089889526367,933.414489746094,0.0138234537,114046440,366,61065674752.0,137851200.0,10533070848.0,11284452.0,0.16886772
31,2,633275516,False,0.598937094211578,7920,2430,6370,0.00214920126073626,0.0146594382822514,14.3488435745239,978.812622070312,0.001660487040625,114046440,628,29301905408.0,92466000.0,1326780160.0,1355499.625,0.11327085
32,3,633277328,False,0.307908087968826,8000,6430,8030,0.000340752646664248,0.000184346664722504,0.121558772072558,659.403153594019,0.000263267737731934,114046440,663,273534214144.0,1165805952.0,141713940.0,214912.438964844,1.4281122912
33,2,633275911,False,0.572270750999451,4070,4530,8700,0.000733457050886317,0.000680967874359339,0.599853038787842,880.883056640625,0.0005666737453125,114046440,1101,234180853760.0,679313728.0,407488416.0,462590.8125,0.8321593168
34,1,633276274,False,1.0,7300,3070,5140,0.26367749957325,0.0291582023958714,32.5182472601112,1115.23497980505,0.203718971761536,114046440,856,1657928682112.0,5703410628.0,185464917027.25,166301201.437988,6.9866780193
35,1,633276613,False,0.819386959075928,7900,5530,5680,0.0265194431677825,0.0365899424120386,42.199322928051,1153.30389025611,0.0204890963490356,114046440,331,122635604992.0,457114492.0,19289922063.0,16725792.9379883,0.5599652527
36,2,633275319,True,1.0,6100,1360,7040,0.0433544677726441,0.919304461790921,3968.8973468837,4317.28280655985,0.0334959471710937,114046440,337,121251251840.0,29743824.25,118050185152.0,27343630.34375,0.03643618470625
37,2,633275743,False,0.629049301147461,8570,4350,10340,7.5998155138617e-05,0.000134865266832259,0.0833213595647446,617.811846755006,5.87166748989582e-05,114046440,922,92833319168.0,355406404.0,29612944.7792969,47931.9795093536,0.4353728449
38,2,633275963,False,0.382838189601898,6860,1650,7870,0.000273371578889339,0.0155965564772487,6.80455350875854,436.28564453125,0.00021120868125,114046440,182305713,2046496000.0,11054700.0,75222296.0,172415.25,0.0135420075
39,3,633277372,True,0.0832084715366364,6840,4950,7440,1.2839357945991e-06,0.0960840967014733,232.51843595616,2419.94714982417,9.9197724609375e-07,114046440,718,6466097.0,8427.7978515625,1959618.375,809.77734375,1.03240523681641e-05
40,2,633275077,False,0.663161039352417,10640,5570,7460,0.00155768329553003,0.00197380385361612,1.08671772480011,550.570251464844,0.0012034763671875,114046440,7,95351496704.0,497734208.0,540896576.0,982429.6875,0.6097244048
41,2,633276017,False,0.406867891550064,7270,1090,8090,0.000175787231166818,0.000693549867719412,0.721985101699829,1040.99951171875,0.000135814371875,114046440,312782562,65708122112.0,159857104.0,115414448.0,110868.875,0.1958249524
42,1,633276291,False,0.569447755813599,5360,6690,4110,0.00482411916584907,0.00199365652319852,1.4337130209758,719.137426278233,0.00372714622109375,114046440,835,376866095104.0,1526124640.0,2188024768.0,3042568.34375,1.869502684
43,2,633275440,False,0.20603221654892,9890,3790,8820,4.06943754509816e-05,4.57710921182297e-05,0.0272873993963003,596.171020507812,3.14407423339844e-05,114046440,526,130175524864.0,560745024.0,15301273.0,25665.912109375,0.6869126544
44,1,633276244,False,0.214166805148125,12420,4820,4560,1.66391180634684e-05,0.000113912486995105,0.0575856864452362,505.525665283203,1.28554921386719e-05,114046440,903,14743888896.0,92125800.0,5305127.5,10494.279296875,0.112854105
45,2,633275889,False,0.267194479703903,3750,3520,6500,4.91557491157547e-05,0.00636261841282248,2.94205975532532,462.397644042969,3.79780553222656e-05,114046440,1081,924166016.0,4872600.0,14335480.0,31002.494140625,0.005968935
46,1,633276279,False,0.0639589801430702,6510,4270,1770,1.66770851305773e-06,4.48135142505635e-05,0.0216331779956818,482.73779296875,1.28848257446289e-06,114046440,849,4631235072.0,23471100.0,507754.46875,1051.82250976562,0.0287520975
47,1,633276643,False,0.112760365009308,7560,4040,1300,3.24895932298172e-06,4.79713253298542e-06,0.00280011305585504,583.705627441406,2.51016735839844e-06,114046440,289,134874873856.0,427154400.0,1196080.625,2049.1162109375,0.52326414
48,3,633277520,False,0.586547791957855,9780,3650,6580,0.000647248816645321,0.0666632934466654,62.0236814945457,930.402299192859,0.00050006869609375,114046440,911,1537270336.0,6123600.0,379808216.0,408219.34375,0.00750141
49,1,633276386,False,0.149151921272278,6760,1790,5490,9.24268962477655e-06,7.71653139963746e-06,0.00327638280577958,424.592681884766,7.14096284179687e-06,114046440,687,342652715008.0,755437504.0,2475102.5,5829.357421875,0.9254109424
50,3,633277255,False,1.0,6560,5810,7480,1.94419780907744,0.00501595965445097,4.41433432439831,880.057781262494,1.50210002448941,114046440,567,74893035463312.0,244460519242.0,1079130461050.19,1226204101.62401,299.46413607145
51,2,633275556,False,0.370615214109421,5940,4440,9640,0.000422458299687164,0.000252003815517172,0.159090967180076,631.303803291959,0.00032639406306448,114046440,677,331518962688.0,1057301980.0,168207194.599609,266444.133113861,1.2951949255
52,1,633276693,False,0.368220865726471,11490,6650,5670,0.000176157603812255,0.006173902656883,1.9471663236618,315.386627197266,0.00013610052421875,114046440,222,1599877760.0,17995500.0,35040232.0,111102.46875,0.0220444875
53,3,633277134,False,0.0902488455176353,9180,3870,9950,7.56589560130802e-06,0.00040325564407768,0.203042182165433,503.507353579211,5.8454607421875e-06,114046440,368,2444697728.0,11833200.0,2402638.75,4771.8046875,0.01449567
54,3,633277735,False,0.620546102523804,7400,3440,8010,0.00501044964341821,0.00837653217502238,5.10125967406884,608.994219502919,0.00387110637453747,114046440,496345668,102291337216.0,377254784.0,1924474616.46875,3160086.83635712,0.4621371104
55,3,633277351,False,0.999814867973328,6740,5330,6340,0.00733261370259077,0.039667032544716,39.198262617596,988.182379748432,0.00566522561171875,114046440,690,25446425792.0,116587344.0,4570021328.0,4624673.96875,0.1428194964
56,1,633276255,False,0.0,0,0,0,0.0,0.0,0.0,0.0,0.0,114046440,888,34466557952.0,149899504.0,0.0,0.0,0.1836268924
57,1,633276779,False,0.575034737586975,7600,5400,4430,0.00155710219447509,0.0194222591817379,12.4208517074585,639.516296386719,0.0012030274046875,114046440,102,8742176768.0,50563800.0,628045440.0,982063.1875,0.061940655
58,2,633275338,True,1.0,7020,5690,7040,0.00710053800476722,0.903945922851562,3169.72021484375,3506.53759765625,0.0054859224,114046440,356,16349798400.0,4954172.5,15703341056.0,4478304.0,0.0060688613125
59,2,633275391,False,0.204956963658333,7360,1150,6990,2.80035195939478e-05,0.00166123942472041,0.981106102466583,590.586853027344,2.16357035644531e-05,114046440,441,2379050240.0,10631700.0,10430826.0,17661.798828125,0.0130238325
60,2,633275464,False,0.595830321311951,7810,980,7830,2.81678647134573e-05,0.000137499228003435,0.182189375162125,1325.02099609375,2.17626776855469e-05,114046440,565,48433311744.0,129204000.0,23539596.0,17765.451171875,0.1582749
61,2,633275381,False,0.267090886831284,7420,4420,10460,3.09944056730628e-05,9.12324467208236e-05,0.0640334784984589,701.871765136719,2.39464818359375e-05,114046440,427,53587218432.0,214267504.0,13720294.0,19548.1484375,0.2624776924
62,3,633277106,True,0.0154250031337142,6550,5860,7490,8.59814188342171e-08,1.0,4306.47774854396,4306.47774854396,6.64298101425171e-08,114046440,342,233533.46875,54.2284164428711,233533.46875,54.2284164428711,6.64298101425171e-08
63,3,633277174,True,0.954836845397949,6720,6250,6700,0.000622961240228873,0.241254567547199,607.050686716095,2516.22463726964,0.0004813039546875,114046440,436,1732484096.0,1628575.125,988627648.0,392901.1875,0.001995004528125
64,2,633275439,False,0.97361022233963,7840,5690,6070,0.0337542433615441,0.185725584626198,350.268096923828,1885.94409179688,0.0260787506,114046440,525,92671565824.0,114624896.0,40149442560.0,21288776.0,0.1404154976
65,2,633275329,False,0.484561145305634,6120,6570,5850,0.00644648300237736,0.0825876891613007,57.4413681030273,695.519714355469,0.0049805952,114046440,347,16541351936.0,49230000.0,2827838464.0,4065792.0,0.06030675
66,1,633276823,False,0.0844016522169113,8140,4720,1490,3.61025652248198e-06,4.82510267829639e-06,0.00280347792431712,581.019348144531,2.78930795288086e-06,114046440,28,116559716352.0,471904192.0,1322973.0,2276.98608398438,0.5780826352
67,2,633275134,False,0.00591759150847793,9470,5840,7510,4.37926254200386e-08,1.03069226042862e-06,0.000246055074967444,238.727966308594,3.38344706535339e-08,114046440,93,123261544.0,26797500.0,6593.66064453125,27.6199760437012,0.0328269375
68,2,633275417,False,0.985013723373413,6200,1400,7070,0.0451195367097151,0.129128888249397,154.331085205078,1195.1708984375,0.03485965105,114046440,478,125016391680.0,220375616.0,34010808320.0,28456858.0,0.2699601296
69,2,633275846,False,0.15354710817337,8230,2410,9450,3.90143205379173e-05,8.93177306079676e-05,0.076440147925417,855.822773430366,3.01427208496094e-05,114046440,1027,101322568960.0,275491804.0,21058634.25,24606.302734375,0.3374774599
70,1,633276633,False,0.0,0,0,0,0.0,0.0,0.0,0.0,0.0,114046440,304,59886542848.0,189279904.0,0.0,0.0,0.2318678824
71,1,633276157,False,0.0,0,0,0,0.0,0.0,0.0,0.0,0.0,114046440,990,36361826304.0,96127200.0,0.0,0.0,0.11775582
72,2,633275475,False,0.485485851764679,4660,4760,8690,0.00168776778095443,0.00272057624533772,1.86279881000519,684.707458496094,0.001303980496875,114046440,579,62208413696.0,391267808.0,728853184.0,1064473.875,0.4793030648
73,3,633277770,False,0.285329729318619,8580,5040,5710,0.000225721032256219,0.00196888343896081,1.42341725444638,722.956588632628,0.000174393555273437,114046440,607344834,23478118400.0,72306000.0,102921608.0,142362.0859375,0.08857485
74,2,633275312,False,0.23054002225399,6760,1310,6400,3.33580706319482e-05,0.00150767923332751,0.684864103794098,454.250518798828,2.57726649414062e-05,114046440,330,2790739712.0,13954500.0,9556936.0,21038.91015625,0.0170942625
75,3,633277511,False,0.167930722236633,9720,2260,9070,2.96886222278486e-05,8.5683994186975e-05,0.058395471027425,681.52134574863,2.29376249511719e-05,114046440,902,73138671616.0,218530800.0,12761209.0,18724.591796875,0.26770023
76,1,633276556,False,0.0,0,0,0,0.0,0.0,0.0,0.0,0.0,114046440,417,149168685568.0,457948808.0,0.0,0.0,0.5609872898
77,3,633276908,False,0.712036192417145,6230,4870,9820,0.00349932225355794,0.000310642439541943,0.223182828803142,718.455691798698,0.00270359940651305,114046440,95,2050621659552.0,7104695440.0,1585646026.08398,2207019.92368412,8.703251914
78,3,633277439,False,0.713825881481171,4090,3330,6190,0.000336063082524105,0.000648074972527372,0.389920549525948,601.65963207209,0.000259644549609375,114046440,810,101381976064.0,327052800.0,127524607.5,211954.734375,0.40063968
79,1,633276419,False,0.0907182842493057,5750,4730,1950,4.68436274252959e-06,1.49611842061859e-05,0.00639686686918139,427.564208984375,3.61916948852539e-06,114046440,638,50567102464.0,197472608.0,1263206.0,2954.42407226562,0.2419039448
80,1,633276186,False,0.601764917373657,9470,4340,5190,0.0069862111710262,0.00099848113321527,0.38655277595258,387.140791241411,0.00539759273572388,114046440,960,351749018560.0,4412900760.0,1705819038.78125,4406198.15161133,5.405803431
81,2,633275241,False,0.0574562400579453,8100,1740,9100,4.12155696595516e-06,2.84642119368073e-05,0.0216964818537235,762.237243652344,3.18434204101562e-06,114046440,233,37302870016.0,91323904.0,1981407.375,2599.462890625,0.1118717824
82,3,633277061,False,0.225217267870903,7510,4260,10230,5.2513206565873e-05,3.87682299878715e-05,0.033924349866231,875.055422361149,4.05720490478516e-05,114046440,289,283011121152.0,854308800.0,28981870.625,33120.0400390625,1.04652828
83,1,633276376,False,0.336044251918793,3450,6020,4330,0.000856651564593802,2.78935294772964e-05,0.0139683913439512,500.775329589844,0.0006618546375,114046440,698,4728545454080.0,19369707520.0,270563648.0,540289.5,23.727891712
84,1,633276548,False,0.224459514021873,7780,1750,5560,5.87519464242037e-05,8.12896905699745e-05,0.0464199371635914,571.043334960938,4.53921405273437e-05,114046440,430,165012520960.0,455836512.0,21159902.0,37054.80859375,0.5583997272
85,1,633276240,False,0.600022912025452,6480,4230,5120,0.00255188546350208,0.0150206834077835,9.94681262969971,662.207702636719,0.00197160350625,114046440,907,26320441344.0,107150400.0,1065804928.0,1609472.25,0.13125924
86,2,633275787,False,0.746926069259644,9820,3530,7550,0.0611660578256345,0.00768220114059758,5.33170689419597,694.033753688105,0.0472572988863742,114046440,967,337539189762.0,5021658004.0,26774008600.2212,38577386.8460197,6.1515310549
87,1,633276164,False,0.556533992290497,4250,3900,5510,0.0082585046603532,0.000834846032086742,0.333662815360836,399.669882273775,0.00638057506013183,114046440,983,639566764352.0,6239033908.0,2081733618.875,5208632.70214844,7.6428165373
88,3,633277315,False,0.3447645008564,7060,6970,8680,0.000662987944664184,0.00018601559072814,0.110784377854387,595.565013775093,0.00051222885,114046440,647,502576578560.0,2247908352.0,249033128.25,418146.0,2.7536877312
89,3,633277420,False,0.961410641670227,6830,5030,7580,0.0739023943498692,0.0140163721397404,5.52155928771645,393.936407557363,0.05709747631875,114046440,784,162411785856.0,3325410048.0,18361448736.0,46610184.75,4.0736273088
90,2,633275267,False,0.000264975620666519,10030,2010,8990,3.78116930103147e-10,2.58323784585457e-09,1.91727895071381e-06,742.199951171875,2.92135629057884e-10,114046440,269,26091366400.0,92317504.0,176.998413085938,0.238478064537048,0.1130889424
91,3,633277569,False,0.177015885710716,6580,5600,9500,6.59053967817393e-05,0.000494814358984432,0.279467836132003,564.793302897655,5.0918943359375e-05,114046440,964,20674835456.0,84004200.0,23476472.0,41566.484375,0.102905145
92,3,633277285,False,0.693925619125366,7510,4280,5810,0.0344678703389305,0.182120584558984,238.315498587528,1308.55882746381,0.0266301035,114046440,609,80081917952.0,119365200.0,28446577152.0,21738860.0,0.14622237
93,2,633275394,True,0.925642430782318,6380,5290,6430,2.40940365802597e-05,0.722387546825121,1851.93142460712,2563.62589962455,1.86152112548828e-05,114046440,444,47176940.0,21035.92578125,38957092.0,15196.0908203125,2.57690090820312e-05
94,1,633276672,False,0.635965764522552,9040,4580,4390,0.00949403775610824,0.0965799987316132,74.6756210327148,773.199645996094,0.0073351560625,114046440,246,18000044032.0,61999200.0,4629828608.0,5987882.5,0.07594902
95,2,633275573,False,0.999956846237183,6180,1010,6960,0.74423731607585,0.00501841142079306,4.26928510497289,850.724411969039,0.575002649156334,114046440,695,30153240055107.6,93533566366.0,399321461701.357,469389917.67864,114.57861879835
96,3,633277499,False,0.469276487827301,6640,5240,9330,0.000376552641282808,0.00161400048549519,1.01071359679044,626.216414352779,0.00029092704921875,114046440,884,29306469376.0,147144608.0,148721056.0,237491.46875,0.1802521448
97,1,633276446,False,0.0993338376283646,3180,6120,5610,1.75447566005931e-05,3.42655548593029e-05,0.00802330207079649,234.150665283203,1.35551944335937e-05,114046440,605,61946720256.0,322932608.0,2590986.0,11065.46484375,0.3955924448
98,2,633275430,False,0.597298562526703,1260,5150,6740,0.000326069511908885,3.31264964188449e-05,0.017462270334363,527.139038085938,0.000251923451171875,114046440,507,1610382835712.0,6208075776.0,108407096.0,205651.796875,7.6048928256
99,2,633275286,False,0.389146119356155,5890,2300,5910,0.000688535729490538,0.00192130182404071,1.22044098377228,635.215637207031,0.00053196723671875,114046440,296,73011462144.0,226023296.0,275848096.0,434258.96875,0.2768785376
100,2,633275671,False,0.555156946182251,3520,3440,7250,0.000101385622156249,0.00294307223521173,1.61104774475098,547.403381347656,7.83311990234375e-05,114046440,831,4630898688.0,21726900.0,35003072.0,63943.8359375,0.0266154525
101,1,633276743,False,0.488450020551682,7750,5930,5230,0.000884336114682292,0.0058283475227654,3.81918931007385,655.278198242188,0.000683243903125,114046440,606826647,17420392448.0,95696096.0,365481504.0,557750.125,0.1172277176
102,1,633276266,False,0.0,0,0,0,0.0,0.0,0.0,0.0,0.0,114046440,869,5815377408.0,16487100.0,0.0,0.0,0.0201966975
103,1,633276522,False,0.414731085300446,8350,3690,3170,0.00144621190598265,0.00289627963319127,1.63296988725741,563.816376203331,0.00111735283789062,114046440,475,71800457216.0,314929800.0,514270880.0,912124.765625,0.385789005
104,3,633277082,False,0.999956846237183,6180,1010,6960,0.700442944149908,0.00398294066972127,3.42276135709285,859.355345941514,0.541166829140844,114046440,315,37506957137007.2,110915244978.0,379636414423.185,441768840.114975,135.87117509805
105,3,633277632,True,0.0492482073605061,6500,5600,7360,2.84093465750611e-07,0.182511467098514,507.691038336149,2781.6939198791,2.19492481613159e-07,114046440,1031,1079905.75,981.733032226562,498417.0625,179.177536010742,1.20262296447754e-06
106,3,633277308,True,1.0,6630,5180,6790,0.0867203492100966,0.764270446213252,2902.96404603987,3798.34659370024,0.0670007126147461,114046440,637,228202153009.0,71564273.5478516,207748513090.375,54694459.2773438,0.0876662350961182
107,1,633276173,False,0.0,0,0,0,0.0,0.0,0.0,0.0,0.0,114046440,973,44786548736.0,135714592.0,0.0,0.0,0.1662503752
108,2,633275643,False,0.281440049409866,10470,6060,7270,0.000419474891808646,0.00544054945930839,1.83889210224152,337.997497558594,0.0003240890625,114046440,798,2092577728.0,48627900.0,89421464.0,264562.5,0.0595691775
109,1,633276297,False,0.093029260635376,3520,3350,5110,5.66257310534538e-06,2.36054893321125e-05,0.0138779738917947,587.912963867188,4.37494125366211e-06,114046440,827,45873807360.0,151294496.0,2099661.0,3571.38061523438,0.1853357576
110,1,633276589,False,0.650493562221527,6030,4000,5250,0.0387300317360155,0.0392385572195053,29.8232021331787,760.048400878906,0.02992307745,114046440,362,182202023936.0,622525504.0,18565703680.0,24427002.0,0.7625937424
111,3,633277339,False,0.370615214109421,5940,4440,9640,0.000424496740151428,0.000126609890576156,0.0797916496080209,630.216559266562,0.000327968975584695,114046440,677,632521905664.0,2114603960.0,168727738.236053,267729.775987506,2.590389851
112,1,633276391,False,0.0,0,0,0,0.0,0.0,0.0,0.0,0.0,114046440,678,21912672256.0,59628600.0,0.0,0.0,0.073045035
113,3,633277494,False,0.413992196321487,4940,1710,9050,0.00134601716891316,0.00120835680402505,0.726541236812925,601.263827366892,0.00103994172452393,114046440,878,171513339904.0,702550784.0,510432115.53125,848932.020019531,0.8606247104
114,1,633276540,False,0.378496766090393,7250,1950,5640,0.000474572467959274,0.000697361188940704,0.334133446216583,479.139739990234,0.0003666578125,114046440,443,66552586240.0,429207296.0,143412512.0,299312.5,0.5257789376
115,3,633277450,True,1.0,6230,5430,6840,0.000862903143551692,0.885489240603927,3020.74395880081,3411.38414820329,0.000666684648552322,114046440,824,1961970777.09375,614612.059875488,1856585666.875,544232.366165161,0.000752899773347473
116,3,633277589,False,0.999210894107819,6100,1910,6910,0.180424478057254,0.0091199587909624,6.08074230606357,666.751072613332,0.139397139346069,114046440,983,1415065876416.0,12477422952.0,75871993614.875,113793583.139648,15.2848431162
117,2,633275219,False,0.479138314723969,12530,4880,5790,0.000950158988970256,0.0252292174845934,13.1524934768677,521.319885253906,0.0007340990890625,114046440,207,4349030400.0,23752800.0,312408544.0,599264.5625,0.02909718
118,2,633275843,False,0.127874106168747,7270,3660,9970,1.05645057771695e-05,2.44873608608032e-05,0.0142730055376887,582.872314453125,8.16220670166015e-06,114046440,1023,104280154112.0,272100608.0,3883693.5,6663.02587890625,0.3333232448
119,2,633275572,True,1.0,6100,1360,7040,0.055908537237819,0.90144082755882,3834.48489397676,4253.72889351026,0.0431953038739126,114046440,695,154924862561.875,39116791.1105423,149992744614.219,35261472.5501328,0.0479180691104143
120,3,633277657,False,0.899682700634003,8970,5090,6690,1.14185071811597,0.0167843460370397,10.8896354789877,648.797126498491,0.882201380763377,114046440,1065,6796932721888.0,42906908072.0,467240588434.515,720164392.4599,52.5609623882
121,3,633277373,False,0.974980413913727,7080,4930,7390,0.0596865686244383,0.0477659684200606,78.2440483876852,1638.07101532196,0.0461142357911621,114046440,718,267198731727.0,788098208.0,61663994321.0,37644274.1152344,0.9654203048
122,3,633277612,False,0.676593780517578,8340,4170,7880,0.0131394378711984,0.00647448283265486,3.94686579907122,609.603253431256,0.0101516161863539,114046440,1008,323451112448.0,1279952984.0,5051802656.96875,8287033.62151337,1.5679424054
123,1,633276215,False,0.344543904066086,12240,2760,4480,7.53688049678108e-06,3.16765908792149e-06,0.00276195537298918,871.923156738281,5.82304348144531e-06,114046440,936,592228974592.0,1500636544.0,4144691.0,4753.5048828125,1.8382797664
124,3,633277155,False,0.128621727228165,8410,2010,9190,2.69238343227177e-05,2.48839424415808e-05,0.0197683903375076,794.423567885885,2.08015316171423e-05,114046440,402,239161706496.0,682401600.0,13489981.1957397,16980.8421364427,0.83594196
125,2,633275180,False,0.728220403194427,7680,6010,6310,0.00727583312341036,0.0479524508118629,49.2028312683105,1026.07543945312,0.0056213565625,114046440,606826647,25268754432.0,95696096.0,4708518912.0,4588862.5,0.1172277176
126,2,633275757,False,0.670457005500793,11520,6750,6930,0.0194893789755403,0.0288440939661834,13.922300744433,482.674226507354,0.0150576224804687,114046440,938,54476068864.0,426150904.0,5933001048.0,12291936.71875,0.5220348574
127,3,633277224,False,0.362627804279327,11860,3740,4010,0.000100623914501382,3.95697742411998e-05,0.0185848932316256,469.673976867806,7.77426986755371e-05,114046440,519,376178754816.0,1603835976.0,29807120.375,63463.4274902344,1.9646990706
128,3,633277230,False,0.448944836854935,10550,3650,6520,0.00206024432954899,2.8181555161355e-05,0.0189733763184796,673.255120586728,0.00159175833005295,114046440,528,16242349573120.0,46107979056.0,874824037.914062,1299394.55514526,56.4822743436
129,2,633275775,False,0.609151244163513,12290,6760,6570,0.00244724168928708,0.00668789632618427,2.44033646583557,364.888488769531,0.0018907550375,114046440,955,24136704000.0,230786096.0,563195712.0,1543473.5,0.2827129676
130,1,633275960,False,0.0158325601369143,3510,3510,4720,1.89200390617616e-07,7.15141723048873e-05,0.0327992551028728,458.639923095703,1.46177467155457e-07,114046440,527696977,243774480.0,1668600.0,54728.8359375,119.328544616699,0.002044035
131,1,633276161,False,0.188164487481117,7280,1630,5220,0.000171268932633387,0.000322223058901727,0.133149608969688,413.221893310547,0.0001323235046875,114046440,986,45107716096.0,335231104.0,44635892.0,108019.1875,0.4106581024
132,2,633275264,False,0.608033835887909,5030,6250,6270,0.00912276650487892,0.138143926858902,137.67594909668,996.612487792969,0.00704830945,114046440,263,21987698688.0,41650200.0,5734231040.0,5753722.0,0.051021495
133,1,633276717,False,0.599010765552521,6550,4670,5690,0.00698926230575671,0.108009658753872,91.8185348510742,850.095581054688,0.0053999500625,114046440,189,16533664768.0,40812300.0,3747325440.0,4408122.5,0.0499950675
134,3,633277598,True,1.0,6230,1750,6910,0.0059717623713519,0.670133191297321,2574.68774159179,3842.05375144517,0.00461382291573982,114046440,991,16016323673.0938,5620354.43487549,14470657666.875,3766386.05366516,0.00688493418272247
135,3,633277596,False,0.26662877202034,11610,3670,5080,2.4566663507964e-05,3.42918675557599e-05,0.0185566695679786,541.139077298858,1.89803659301758e-05,114046440,989,81591799808.0,451832384.0,8384504.25,15494.1762695312,0.5534946704
136,3,633276857,False,0.745334386825562,8530,3160,6580,0.14741159654091,0.049431596775587,59.473315086855,1203.14371710176,0.1138911697875,114046440,17,896002162688.0,1880829056.0,111859139072.0,92972383.5,2.3040155936
137,3,633277196,True,1.0,7070,5710,6390,0.0266285985507524,0.971984855706035,4689.34512276023,4824.50430706964,0.0205734305164062,114046440,467,81815045632.0,17278702.5,81025799296.0,16794637.15625,0.0211664105625
138,2,633276826,True,1.0,6530,5900,6570,0.0398014710934038,0.795019924640656,2578.17895507812,3242.91137695312,0.03075087855,114046440,576073704,89802981376.0,31575006.0,81406017536.0,25102758.0,0.03867938235
139,3,633276948,False,0.501030206680298,10500,3710,5070,0.00195954311567716,0.00142856524364266,0.984862240283389,689.406552949669,0.001513955909375,114046440,145,49549049856.0,865121408.0,852025408.0,1235882.375,1.0597737248
140,1,633276058,False,0.304182469844818,7590,6350,5480,0.000201883278991824,0.00792444683611393,3.9033784866333,492.574279785156,0.000155976350195312,114046440,1126,2592519680.0,16067700.0,62718316.0,127327.6328125,0.0196829325
141,3,633277005,False,0.580620408058167,6590,7240,6090,0.0108700987295066,0.0267341247976154,11.7664139159515,440.127141061339,0.008398309828125,114046440,223,32375401472.0,256442400.0,3017407424.0,6855763.125,0.31414194
142,2,633275474,False,0.442013680934906,4980,1770,7940,0.00203940031375501,0.00546389911323786,5.07160997390747,928.203430175781,0.00157565410625,114046440,577,112730177536.0,235408496.0,1193900032.0,1286248.25,0.2883754076
143,2,633275550,True,0.686199724674225,6100,720,6860,0.000108570281673657,0.214557647705078,607.888427734375,2833.21728515625,8.38821142578125e-05,114046440,670,394114496.0,319145.90625,194005104.0,68475.1953125,0.00039095373515625
144,2,633275765,False,0.12321725487709,12670,2590,6170,3.77511105921706e-06,5.02281363878865e-06,0.00432790676131845,861.649841308594,2.91667565307617e-06,114046440,944,199181910016.0,474029088.0,2051553.625,2380.95971679688,0.5806856328
145,2,633275368,False,0.0,0,0,0,0.0,0.0,0.0,0.0,0.0,114046440,401,9757628416.0,26936100.0,0.0,0.0,0.0329967225
146,2,633275814,True,1.0,6230,1750,6910,0.0059717623713519,0.670133191297321,2574.68774159179,3842.05375144517,0.00461382291573982,114046440,991,16016323673.0938,5620354.43487549,14470657666.875,3766386.05366516,0.00688493418272247
147,3,633277078,False,1.0,7390,3310,5950,3.14004546134547,0.0598922719381389,68.9488195434537,1151.21395986896,2.426019792,114046440,313,12710605013248.0,33066441728.0,2279892123648.0,1980424320.0,40.5063911168
148,1,633276493,False,0.354943752288818,10310,4700,4140,0.000779559898182175,0.00420876406133175,2.59138798713684,615.712341308594,0.00060229310859375,114046440,534,25323819008.0,116820000.0,302725952.0,491667.84375,0.1431045
149,3,633277246,False,0.206263765692711,12860,6950,7490,8.57571704489667e-05,0.000411125273295334,0.056434434963864,137.268221220066,6.62565543640137e-05,114046440,553,839093056.0,131558400.0,7424423.96875,54086.9831542969,0.16115904
150,2,633275249,False,0.747947931289673,4010,4990,6100,0.129712712349196,0.0595526124187837,45.9981296235149,772.394824597259,0.1002168953625,114046440,242,368904790016.0,1373738400.0,63189396992.0,81809710.5,1.68282954
151,1,633276570,False,0.0,0,0,0,0.0,0.0,0.0,0.0,0.0,114046440,393,1100099840.0,3960900.0,0.0,0.0,0.0048521025
152,1,633276631,False,0.521232903003693,10900,6640,5330,0.00191312142584305,0.00502753024920821,1.81210577487946,360.436553955078,0.00147809020625,114046440,307,21928781824.0,239999392.0,434904288.0,1206604.25,0.2939992552
153,3,633276880,False,0.999814867973328,6740,5330,6340,0.0217127404713283,0.0584360696137894,50.9854604881422,872.499824596536,0.0167754062068359,114046440,46,54216370752.0,234345144.0,11948195080.0,13694209.1484375,0.2870728014
154,2,633275740,False,0.136281609535217,11150,5700,8490,3.98531464510846e-05,0.000120984950626735,0.0405165292322636,334.889007568359,3.07908032714844e-05,114046440,153,10898004992.0,207756000.0,8417552.0,25135.349609375,0.2545011
155,1,633276206,False,0.137655526399612,6140,1790,3660,3.76414922116521e-05,5.60040280106477e-05,0.0352823622524738,629.996887207031,2.90820646484375e-05,114046440,945,132584480768.0,423906304.0,14956416.0,23740.4609375,0.5192852224
156,1,633276183,False,0.0110126510262489,11750,6900,3940,1.14365425192616e-07,2.81822394754272e-06,0.000152575434185565,54.138858795166,8.83594802856445e-08,114046440,963,233165024.0,25594200.0,3905.04614257812,72.1301879882812,0.031352895
157,1,633276411,False,0.495920747518539,12290,5020,5230,0.0136527592015592,0.0225429385900497,13.0391492843628,578.413879394531,0.010548211625,114046440,651,92495060992.0,381972608.0,4980597760.0,8610785.0,0.4679164448
158,2,633275804,False,0.999210894107819,6100,1910,6910,0.172165973396901,0.0174059279842343,11.828415873962,679.562496448093,0.133016564285937,114046440,983,775499112064.0,6238389044.0,73790259996.0,108584950.4375,7.6420265789
159,2,633275815,False,1.0,7050,3080,6370,0.148861520389055,0.0296734029372516,51.3408230790845,1730.19667436362,0.115011390496338,114046440,991,610429781862.906,3164006824.0,162442714572.0,93886849.3847656,3.8759083594
160,1,633276383,False,0.387837767601013,7430,5390,5070,0.000669100158599765,0.00723841367289424,3.72314858436584,514.359741210938,0.00051695118671875,114046440,690,7261527552.0,58300200.0,217060304.0,422000.96875,0.071417745
161,1,633276496,False,0.363499730825424,5530,2740,5620,0.000182464244806122,0.0068141077645123,3.28597497940063,482.231140136719,0.0001409730765625,114046440,530,1954633984.0,16888500.0,55495188.0,115080.0625,0.0206884125
162,3,633277262,False,0.485485851764679,4660,4760,8690,0.00169917227393023,0.00136947975052394,0.935894974970698,683.394533298238,0.00131279168321533,114046440,579,125889929216.0,782535616.0,732371150.75,1071666.68017578,0.9586061296
163,3,633277627,False,0.0828542485833168,11780,4390,2370,1.41131638474479e-05,2.02533889964396e-06,0.000819321890422604,404.535700453211,1.09039232849121e-05,114046440,1025,1440518373376.0,4394899968.0,3600837.75,8901.16186523438,5.3837524608
164,2,633275340,False,0.54873788356781,10560,4640,6510,0.00370879226029233,0.110100656747818,98.0826034545898,890.844848632812,0.0028654373125,114046440,358,9133844480.0,21245400.0,2083804160.0,2339132.5,0.026025615
165,1,633276559,False,0.0,0,0,0,0.0,0.0,0.0,0.0,0.0,114046440,412,101685346304.0,279534592.0,0.0,0.0,0.3424298752
166,2,633275203,False,1.0,7310,3190,6270,0.148973736497037,0.605697154998779,2392.3125,3949.68408203125,0.1150980894,114046440,186,425481437184.0,155123104.0,371102941184.0,93957624.0,0.1900258024
167,2,633275243,False,0.609151244163513,12290,6760,6570,0.00252221408094411,0.00620468326181354,2.22395782708668,358.432128320544,0.00194867920078125,114046440,235,24840786816.0,256380296.0,570178966.0,1590758.53125,0.3140658626
168,1,633276406,False,0.0,0,0,0,0.0,0.0,0.0,0.0,0.0,114046440,657,240670294016.0,673759808.0,0.0,0.0,0.8253557648
169,3,633277642,False,0.18692384660244,7950,4390,9860,1.50472400504849e-05,0.000177664761398947,0.0891906825897427,502.016730202703,1.16255967077017e-05,114046440,1045,10976502272.0,53416800.0,4764280.85375977,9490.28302669525,0.06543558
170,3,633277349,False,0.581818163394928,5450,6950,6620,0.00772936465944714,0.0827891137400354,58.5290767856476,706.965857485003,0.0059717580125,114046440,689,14768283136.0,58883400.0,3446391040.0,4874904.5,0.072132165
171,3,633277320,False,0.242145761847496,10650,5230,6040,8.9080745072969e-05,0.00205808164387033,1.07284404442686,521.283520322022,6.88243699951172e-05,114046440,653,4887894784.0,27298800.0,29287355.0,56183.1591796875,0.03344103
172,2,633275839,False,0.294434040784836,6940,2930,10580,0.000427559019953484,0.000329578567447667,0.194175434324297,589.162808213036,0.000330334913116455,114046440,1018,272130063104.0,818199908.0,158874322.5,269661.153564453,1.0022948873
173,3,633277733,False,0.150458917021751,3390,3210,7040,7.63048397649798e-06,0.00567650451444179,2.08555732484076,367.401685233373,5.89536214599609e-06,114046440,526322264,107033712.0,847800.0,1768135.5,4812.54052734375,0.001038555
174,3,633277697,False,0.62572318315506,5190,5990,6340,0.00959422878403194,0.0695501638592922,77.120702688413,1108.85005022327,0.00741256431015625,114046440,1109,38833808384.0,87003000.0,6709732496.0,6051072.90625,0.106578675
175,3,633277736,False,0.454510062932968,8050,3430,8070,0.000314284111880062,0.00106241587183959,0.679885902935892,639.943284882089,0.000242817973535156,114046440,496345664,52645806080.0,186573600.0,126848760.5,198218.75390625,0.22855266
176,2,633275713,False,0.469276487827301,6640,5240,9330,0.000376552641282808,0.00322800106368959,2.02142715454102,626.216430664062,0.00029092704921875,114046440,884,13505787904.0,73572304.0,148721056.0,237491.46875,0.0901260724
177,2,633276688,False,0.311610221862793,7480,1420,8270,0.000147073837894892,0.00136125355493277,0.951262176036835,698.813293457031,0.000113630215234375,114046440,312782620,22433265664.0,68142600.0,64821476.0,92759.359375,0.083474685
178,3,633277741,False,0.747947931289673,4010,4990,6100,0.0997025308316186,0.0371266880473576,28.0079619365113,754.388915617391,0.0770308315875,114046440,258,419795582976.0,1693722624.0,47437718784.0,62882311.5,2.0748102144
179,3,633276871,False,0.35719695687294,8440,1250,7870,0.00023463459267607,0.000153545653910618,0.116939576620166,761.594832819163,0.000181280230725098,114046440,33,312808701952.0,963777600.0,112703744.5,147983.861816406,1.18062756
180,2,633275334,False,0.989645183086395,5740,4150,6790,0.0756201310502024,0.0790523812174797,78.2728118896484,990.138610839844,0.058424611,114046440,351,220935077888.0,603315904.0,47223234560.0,47693560.0,0.7390619824
181,2,633275375,False,0.828957438468933,7610,4630,6170,0.0111161000919613,0.22233372926712,396.120361328125,1781.64770507812,0.0085883721,114046440,414,29878781952.0,31533300.0,12490982400.0,7010916.0,0.0386282925
182,3,633277273,False,1.0,7060,3450,6140,0.0257283911135071,0.107562625295135,159.940456082246,1486.95195606647,0.019877924325,114046440,595,60346076160.0,150859808.0,24128586496.0,16226877.0,0.1848032648
183,3,633277187,False,0.462884783744812,6750,6520,8830,0.00165352800665305,0.00276264854814991,1.87613504796875,679.107391066868,0.001277526621875,114046440,451,109941522432.0,377492416.0,708226752.0,1042878.875,0.4624282096
184,2,633275721,False,0.194028824567795,5200,4520,10280,0.000122494757148508,0.00051237951265648,0.245296478271484,478.739837646484,9.46402556640625e-05,114046440,897,33890799616.0,150781504.0,36986172.0,77257.3515625,0.1847073424
185,3,633276921,True,0.832413911819458,6120,880,6970,0.000263102421297006,0.266659354921262,870.8302533108,3265.70299237368,0.0002032746625,114046440,113,972148352.0,622286.4375,541905856.0,165938.5,0.0007623008859375
186,3,633277182,False,0.999752283096313,6090,3810,6280,0.248129657752771,0.0861903372475913,101.453858121678,1177.0908591556,0.19170660683125,114046440,444,761828164372.0,1815692968.0,184209056768.0,156495189.25,2.2242238858
187,1,633276487,False,0.0,0,0,0,0.0,0.0,0.0,0.0,0.0,114046440,543,143158001664.0,564945280.0,0.0,0.0,0.692057968
188,3,633277765,False,0.456910669803619,8750,5340,6080,0.00154980793438354,0.0175138629642471,11.3868530105284,650.162276236467,0.00119739181132812,114046440,607344846,14837149696.0,55810800.0,635509376.0,977462.703125,0.06836823
189,2,633275231,False,0.372512966394424,11620,6580,5700,0.000551541056691802,0.019330196082592,6.22517967224121,322.044342041016,0.00042612425078125,114046440,222,1931612032.0,17995500.0,112025224.0,347856.53125,0.0220444875
190,1,633276568,False,0.517551720142365,12530,5760,4890,0.00389335962714637,0.00267974723406024,1.37441880037583,512.891209628517,0.003008035275,114046440,395,117388726272.0,916332320.0,1259424368.0,2455539.0,1.122507092
191,2,633275314,False,0.478912651538849,6170,6240,6100,0.000450687173216177,0.10165148973465,88.9095764160156,874.651000976562,0.0003482038765625,114046440,332,1372339712.0,2796300.0,248617856.0,284248.0625,0.0034254675
192,1,633276554,False,0.579979360103607,7970,4360,3930,0.00203402195791329,0.0211298074573278,11.6809034347534,552.816345214844,0.001571498753125,114046440,422,12774083584.0,60713100.0,709183872.0,1282856.125,0.0743735475
193,1,633276379,False,0.709669530391693,7570,3280,1460,0.00870085112171359,5.83569754106723e-05,0.0376898067380825,645.849214645725,0.00672233484781391,114046440,695,28447000629547.7,94035378724.0,3544175250.64996,5487620.28392972,115.1933389369
194,3,633277090,False,0.576525211334229,7920,3460,7470,0.00258784760686223,0.0100253407611847,6.18721501104404,617.157576827632,0.00199938809492187,114046440,325,36289499136.0,162802800.0,1007295928.0,1632153.546875,0.19943343
195,2,633275374,False,0.215079739689827,10820,5160,7600,1.56368915429726e-05,8.76091144164093e-05,0.0236913878470659,270.421478271484,1.20811653320312e-05,114046440,413,1320424704.0,112570200.0,2666944.25,9862.17578125,0.137898495
196,1,633276770,False,0.569444179534912,5960,7050,5250,0.00103369335567801,0.00465736864134669,1.77118575572968,380.297515869141,0.000798638290625,114046440,117,2673300736.0,139982400.0,247934832.0,651949.625,0.17147844
197,2,633275606,False,0.00035439632483758,11390,3780,5830,1.35867035419378e-09,2.84488130830596e-08,1.52774828166002e-05,537.016540527344,1.04971765875816e-09,114046440,744,1174725632.0,30121200.0,460.176116943359,0.85691237449646,0.03689847
198,2,633275343,False,0.999752283096313,6090,3810,6280,0.115641386771256,0.117159754037857,163.478713989258,1395.3486328125,0.0893452966,114046440,362,314778157056.0,622525504.0,101769666560.0,72934936.0,0.7625937424
199,2,633275466,True,1.0,6100,1360,7040,0.0763916175478562,0.822160313076964,3377.04388007437,4107.52480551593,0.0590206665462044,114046440,567,209509992193.094,58601875.071991,197901103572.75,48180135.9560852,0.0717872969631889
200,3,633277307,False,0.668008029460907,8230,3380,6380,0.0450543455747221,0.108982308623396,124.538624668824,1142.74166368768,0.03480928395,114046440,634,121170743296.0,260737200.0,32471852288.0,28415742.0,0.31940307
201,1,633276835,False,0.602432906627655,8270,4990,5690,0.0051699653135457,0.0834829360246658,60.9327201843262,729.88232421875,0.00399434923125,114046440,12,11117032448.0,39058200.0,2379922432.0,3260693.25,0.047846295
202,2,633275089,False,0.587611496448517,7240,990,7070,0.00320608380509925,0.00182898402571384,1.18764889077399,649.348968649663,0.00247704145106506,114046440,22,404177683968.0,1105572616.0,1313032091.0625,2022074.65393066,1.3543264546
203,1,633276612,False,0.141312211751938,6280,6250,5310,2.37578165662625e-05,0.00535852275788784,3.89318823814392,726.541320800781,1.83554454589844e-05,114046440,332,942831360.0,2796300.0,10886522.0,14984.037109375,0.0034254675
204,2,633275358,False,0.733527958393097,8230,5380,6800,0.0341103814094477,0.0308440495282412,31.6292819976807,1025.45812988281,0.0263539052,114046440,381,221744398336.0,697489216.0,22061082624.0,21513392.0,0.8544242896
205,3,633276977,False,0.225017085671425,4610,4280,9290,0.000107565370261158,0.000138230042596266,0.0982067847758265,710.459050227328,8.31057130859375e-05,114046440,187,161073258496.0,490786208.0,48198535.5,67841.3984375,0.6012131048
206,2,633275893,False,0.602722764015198,4910,2280,6800,0.00351585640403042,0.0669646710157394,40.3311958312988,602.275756835938,0.0027163738,114046440,1085,7579613696.0,33113700.0,1335515136.0,2217448.0,0.0405642825
207,3,633276984,False,0.716818332672119,8320,4610,5740,0.0113018696958546,0.142283876872345,108.098030724027,759.734926403576,0.00873189891875,114046440,197,15386626560.0,50097600.0,5415451904.0,7128080.75,0.06136956
208,2,633275199,False,0.829975664615631,7560,4170,8190,0.0254403964793532,0.0878787189722061,92.5807189941406,1053.50561523438,0.019655417775,114046440,178,64353341440.0,182583904.0,16903748608.0,16045239.0,0.2236652824
209,2,633275344,False,0.74070543050766,3700,3310,6190,0.00248361936845873,0.00355400377884507,2.54781937599182,716.887084960938,0.001918860671875,114046440,363,163020390400.0,440747104.0,1122944000.0,1566416.875,0.5399152024
210,1,633276147,False,0.059737503528595,6830,560,3760,1.04127482179488e-05,7.09688174538314e-05,0.036017332226038,507.509246826172,8.0449578125e-06,114046440,1006,22460379136.0,92538000.0,3332971.75,6567.3125,0.11335905
211,1,633276349,False,0.0,0,0,0,0.0,0.0,0.0,0.0,0.0,114046440,744,924163520.0,30121200.0,0.0,0.0,0.03689847
212,1,633276696,False,0.293649464845657,10790,4330,4140,2.12043263363068e-05,8.40246211737394e-05,0.0375978350639343,447.462097167969,1.63826020996094e-05,114046440,217,29488132096.0,159162304.0,5984158.0,13373.552734375,0.1949738224
213,3,633277522,False,0.441284000873566,5410,5750,6140,0.00022906345028533,0.0137598478469603,11.927943596777,866.865951530995,0.000176975929443359,114046440,914,3398951296.0,10499400.0,125236251.0,144470.146484375,0.012861765
214,2,633275652,False,0.989645183086395,5740,4150,6790,0.0758471455253103,0.0788336464383605,77.9746632476195,989.103850582218,0.0586000038777344,114046440,809,221717452288.0,606806104.0,47315501616.0,47836737.859375,0.7433374774
215,3,633277357,False,0.0237618573009968,8030,1890,1220,5.14898928431965e-07,3.20202060761871e-06,0.000897695375974175,280.352779066521,3.97814301300049e-07,114046440,696,27101578240.0,101419200.0,91043.546875,324.746368408203,0.12423852
216,2,633275301,False,0.565183639526367,6320,6520,8020,0.0138751363881794,0.0130937979714807,9.52277000799025,727.273326557471,0.010720021703125,114046440,319,192724205568.0,668334592.0,6364396608.0,8751038.125,0.8187098752
217,1,633276149,False,0.484915643930435,7470,6480,5090,0.00104299602647142,0.00749564170837402,4.21999406814575,562.993041992188,0.0008058255953125,114046440,1004,20259344384.0,87759904.0,370346272.0,657816.8125,0.1075058824
218,1,633276212,False,0.193928629159927,11420,6510,4280,4.04921786187197e-05,0.00267596985213459,1.05443286895752,394.037658691406,3.12845237304687e-05,114046440,939,1459182336.0,9543600.0,10063086.0,25538.38671875,0.01169091
219,3,633277334,False,0.96804803609848,6150,750,6940,0.00598017905417929,0.00989838346937964,10.0465722763772,1014.9710109187,0.00462032570029297,114046440,670,127897324096.0,381041456.0,3828160528.0,3771694.44921875,0.4667757836
220,2,633275534,False,0.799239158630371,6060,1260,6890,0.0609155821102832,0.026091979816556,23.1548023223877,887.429809570312,0.0470637797,114046440,648,662418813184.0,1472460544.0,34094532608.0,38419412.0,1.8037641664
221,1,633275277,False,0.306995004415512,7280,1300,3730,2.57887267869889e-05,0.000161810632562265,0.131958469748497,815.51171875,1.99245400634766e-05,114046440,312782566,32667715584.0,100518304.0,13264242.0,16264.9306640625,0.1231349224
222,2,633275386,False,0.535593211650848,7820,350,6670,9.83680203178349e-05,0.000141773954965174,0.139180481433868,981.706970214844,7.59997799804687e-05,114046440,434,133093916672.0,437602496.0,60905724.0,62040.63671875,0.5360630576
223,3,633277624,False,0.599571108818054,5160,2020,6740,0.0402253386047873,0.0118554209344947,7.26688168576988,612.9585550713,0.0310783613792969,114046440,1021,602461536256.0,2139956992.0,15550814273.5,25370090.921875,2.6214473152
224,3,633277722,False,0.46476024389267,6950,5160,8430,0.00118323281707335,0.0236045968796506,16.7251639401301,708.555372726941,0.000914173462805176,114046440,484682528,8163388160.0,31615200.0,528769403.0,746264.051269531,0.03872862
225,2,633275332,False,0.554039537906647,6730,6010,7420,0.00211452169678927,0.118413284420967,111.646598815918,942.855346679688,0.00163369338125,114046440,349,4382139238.90625,11262480.0,1257417600.0,1333627.25,0.013796538
226,3,633277185,False,0.267011851072311,5640,3540,5680,8.45948216300202e-05,0.000916204573047175,0.356765887734916,389.395445329813,6.5358516015625e-05,114046440,449,6074248960.0,58233600.0,20775762.0,53353.890625,0.07133616
227,3,633277595,False,0.606822669506073,7530,4600,10190,0.000120509089061256,0.000159399158055889,0.141225156085148,885.984328948787,9.31061154296875e-05,114046440,988,146111221760.0,476821792.0,67339232.0,76004.9921875,0.5841066952
228,2,633275504,False,0.897983372211456,6710,6460,6810,0.0443393804000904,0.118773184716702,118.741523742676,999.7333984375,0.03425689715,114046440,614,94508015616.0,235447200.0,27957358592.0,27964814.0,0.28842282
229,2,633275820,False,0.508568346500397,5930,6000,8210,0.0088368869834325,0.0289061814546585,22.036693572998,762.352233886719,0.00682743705,114046440,998,57253617664.0,192810592.0,4248907776.0,5573418.0,0.2361929752
230,3,633277506,False,0.970981121063232,6190,4550,7240,0.0235524772730712,0.00696761236196326,9.20406730318803,1320.97866888143,0.0181967989694702,114046440,896,285163800576.0,2131939752.0,19622516963.75,14854529.7709961,2.6116261962
231,1,633276344,False,0.459143400192261,7620,5440,5180,0.00047712350555432,0.0200827177613974,13.6507339477539,679.725463867188,0.0003686287609375,114046440,753,2866401024.0,14984100.0,204543968.0,300921.4375,0.0183555225
232,2,633276418,False,0.454510062932968,8050,3430,8070,0.000308140998460735,0.00208329898305237,1.34036803245544,643.38720703125,0.000238071763671875,114046440,496345664,25355659264.0,93286800.0,125038640.0,194344.296875,0.11427633
233,2,633275521,False,0.470522314310074,6550,2920,6350,3.14581735410226e-05,2.74784833891317e-05,0.019275639206171,701.481201171875,2.43047919433594e-05,114046440,632,130705326080.0,722043008.0,13917840.0,19840.646484375,0.8845026848
234,2,633275098,False,0.35719695687294,8440,1250,7870,0.000224362730836975,0.000293647433863953,0.224607214331627,764.887390136719,0.00017334412265625,114046440,33,159769313280.0,481888800.0,108235704.0,141505.40625,0.59031378
235,2,633275447,False,0.746667683124542,6530,5940,8440,0.0609763123235353,0.06489110864466,62.3936164790312,961.512567471996,0.0471107002625,114046440,536,229845483520.0,592649984.0,36977575808.0,38457714.5,0.7259962304
236,2,633275854,False,0.384310245513916,6510,2240,8440,0.00266337223775935,0.00288019538857043,1.81808495521545,631.236694335938,0.002057738921875,114046440,1038,201096249344.0,583219776.0,1060343104.0,1679786.875,0.7144442256
237,3,633277529,False,0.629049301147461,8570,4350,10340,7.5998155138617e-05,6.74326334161295e-05,0.0416606797823723,617.811846755006,5.87166748989582e-05,114046440,922,173073292416.0,710812808.0,29612944.7792969,47931.9795093536,0.8707456898
238,2,633275178,False,0.132870048284531,4510,4370,9470,1.50706921031639e-05,0.000144052290124819,0.107634902000427,747.193298339844,1.16437159179687e-05,114046440,148,25198151680.0,65983500.0,7102127.5,9505.07421875,0.0808297875
239,2,633275983,False,0.779154539108276,7970,3640,6110,0.00811864925060876,0.183031857013702,288.083190917969,1573.95104980469,0.00627252185,114046440,549009203,21062291456.0,27975600.0,8059299840.0,5120426.0,0.03427011
240,1,633276516,False,0.667619109153748,5140,3430,3870,0.000137864912258019,7.42637336568928e-06,0.00462360049070625,622.59197902274,0.000106515338671875,114046440,485,3432265285632.0,11708446720.0,54135180.0,86951.296875,14.342847232
241,3,633277582,False,0.429156482219696,7860,4450,9860,6.37628510276355e-05,0.000115040999931685,0.0877133778456692,762.45319405913,4.92635984069824e-05,114046440,977,93175308288.0,349572608.0,30662194.25,40215.1823730469,0.4282264448
242,2,633275673,False,0.315183639526367,8440,1860,5790,0.000145669642473931,0.000565171998459846,0.428892493247986,758.870727539062,0.000112545324609375,114046440,834,48653914112.0,162558896.0,69720288.0,91873.734375,0.1991346476
243,3,633277080,False,0.550063490867615,5540,4930,9470,0.000361268909037867,0.000581011818318786,0.395632247066555,680.93666013775,0.000279118737084961,114046440,314,100900032512.0,392164192.0,155152800.5,227852.030273438,0.4804011352
244,3,633277430,False,0.393563449382782,4100,4960,8890,0.000182025232834686,0.000177059162617423,0.125718686843449,710.03773532519,0.000140633893023682,114046440,800,216005787648.0,648388800.0,81514588.5,114803.177978516,0.79427628
245,3,633277592,False,0.997944891452789,6040,1590,6870,0.245849641088504,0.0151910402985075,13.1580120215176,866.169252596241,0.189945050948798,114046440,985,3796379825955.0,10207147200.0,134305765563.0,155057184.447998,12.50375532
246,1,633276653,False,0.091885894536972,9560,1590,3820,1.53010183662354e-05,2.83406534435926e-05,0.020368592813611,718.705810546875,1.18216675048828e-05,114046440,274,101967798272.0,340512288.0,6935756.0,9650.3408203125,0.4171275528
247,3,633277545,True,1.0,6230,1750,6910,0.00448589798757134,0.837759071600614,3442.36559560383,4109.01619844818,0.0034658343125,114046440,940,12321868800.0,3377167.25,11625444352.0,2829252.5,0.00413702988125
248,1,633276361,False,0.240099743008614,7630,4510,4660,5.49042577328682e-05,0.000778669898863882,0.39680153131485,509.588897705078,4.24193909179687e-05,114046440,725,8620189696.0,44470800.0,17646082.0,34628.07421875,0.05447673
249,3,633277113,False,0.712036192417145,6230,4870,9820,0.000452130063056046,0.0004210104022584,0.306766710272451,728.644015983647,0.000349318662750244,114046440,344,198454534144.0,677318400.0,207778737.375,285158.092041016,0.82971504
250,3,633277434,False,1.0,6560,5810,7480,0.508487101554149,0.0381387064356957,39.03187108418,1023.41885008581,0.39286048165,114046440,803,2244811110176.78,8408844032.0,328212916224.0,320702434.0,10.3008339392
251,1,633275284,False,0.209609046578407,6870,620,3730,1.80092491106853e-05,5.91513198742177e-05,0.0265671499073505,449.138732910156,1.39140644042969e-05,114046440,312782554,56861065216.0,192023104.0,5101506.5,11358.419921875,0.2352283024
252,3,633277718,False,0.504768252372742,10710,4720,6040,0.000919921270714979,0.0134225788718155,10.1527322950501,756.392075770822,0.00071073722890625,114046440,599626927,13595226624.0,43225200.0,438853884.0,580193.65625,0.05295087
253,3,633277178,False,0.204956963658333,7360,1150,6990,2.80035195939478e-05,0.000830619695256873,0.490553063009679,590.58684234302,2.16357035644531e-05,114046440,441,4683976960.0,21263400.0,10430826.0,17661.798828125,0.026047665
254,3,633276990,False,0.103840447962284,9750,2770,9740,1.03077463342629e-05,1.87539748618352e-05,0.0123435834060289,658.184917968958,7.96383266601562e-06,114046440,312782644,120513540096.0,346651200.0,4278918.0,6501.087890625,0.42464772
255,3,633277482,False,0.432753801345825,12460,4980,6420,0.000588631343981615,0.0147806820687119,9.68330211966302,655.132291909646,0.000454780450878906,114046440,859,6027550464.0,25117200.0,243217436.0,371249.34765625,0.03076857
256,3,633277058,False,0.406867891550064,7270,1090,8090,0.000175979221557871,0.000347153677936643,0.36126821380288,1040.65788946881,0.000135962704914856,114046440,312782562,127919517696.0,319714208.0,115502580.851562,110989.963195801,0.3916499048
257,3,633277094,False,0.487898856401443,6520,880,8650,0.0109459074812806,0.00121992813835757,0.806820724579061,661.367419285298,0.00845688016873779,114046440,329,2134151777280.0,5659001896.0,4565800010.125,6903575.64794922,6.9322773226
258,1,633275251,False,0.0,0,0,0,0.0,0.0,0.0,0.0,0.0,114046440,312782604,18425542656.0,76833000.0,0.0,0.0,0.094120425
259,2,633275149,False,0.999005854129791,6130,850,6970,0.0186023147876159,0.040410079061985,37.004940032959,915.735412597656,0.01437227085,114046440,113,115680571776.0,290335136.0,10743834624.0,11732466.0,0.3556605416
260,3,633277413,True,0.679817378520966,6130,1870,6860,0.000314139325904604,0.699455270054813,2806.80611647354,4012.84576246538,0.0002427061109375,114046440,776,899453632.0,283259.625,795054848.0,198127.4375,0.000346993040625
261,2,633275127,False,0.250721365213394,9450,6020,7560,5.75289858586067e-05,7.36964648240246e-05,0.0137501768767834,186.578521728516,4.44472731445312e-05,114046440,78,6563861504.0,492336896.0,6769719.5,36283.48828125,0.6031126976
262,1,633276000,False,0.183756709098816,10110,5630,4450,1.08861083038789e-05,0.00109671277459711,0.472731292247772,431.043853759766,8.41067893066406e-06,114046440,549009219,1332564736.0,6260400.0,2959487.0,6865.8603515625,0.00766899
263,1,633276146,False,0.235835775732994,11750,3130,4150,1.06801767775502e-05,2.62793491856428e-06,0.00233999383635819,890.4306640625,8.25157487792969e-06,114046440,1007,887914496000.0,2563221504.0,5997922.5,6735.9794921875,3.1399463424
264,2,633276637,False,0.457849264144897,6800,430,7380,0.00201940920867017,0.0118090026080608,6.906813621521,584.876953125,0.001560208846875,114046440,312782550,28281616384.0,107853296.0,744922624.0,1273639.875,0.1321202876
265,1,633275980,False,0.22601380944252,8590,5150,5500,7.56142016195029e-05,0.00555728236213326,3.27707958221436,589.690979003906,5.84200298828125e-05,114046440,607344854,1956636544.0,8581500.0,28122258.0,47689.8203125,0.0105123375
266,3,633276867,False,0.27098086476326,7130,5170,9830,0.000485092961404281,0.000324163010755777,0.197412339367394,608.99094843404,0.000374786014984131,114046440,28,241768865792.0,943808384.0,186319421.0,305947.767333984,1.1561652704
267,3,633277489,False,0.067298635840416,9940,2020,8990,2.04115953272428e-06,3.90413653124545e-05,0.0338567539166985,867.202098229335,1.57701329040527e-06,114046440,869,11447846400.0,32974200.0,1116399.375,1287.35778808594,0.040393395
268,3,633277720,False,0.590998351573944,7770,4080,7040,0.013191886359434,0.0330633190044601,19.5889963460441,592.469145139411,0.0101921382335937,114046440,563807435,48123871232.0,251641792.0,4929410144.0,8320112.84375,0.3082611952
269,3,633277244,False,1.0,7300,3070,5140,1.66675752133727,0.0578845561689302,93.2948588319753,1611.74007380662,1.287747832,114046440,549,6808936065891.0,18160676864.0,1694297784320.0,1051222720.0,22.2468291584
270,3,633277065,False,0.529935479164124,7390,800,8140,0.000172018667822168,0.000282497373133482,0.223549481056196,791.33295498138,0.000132902755029297,114046440,312782554,119531180032.0,384046208.0,85853330.5,108492.044921875,0.4704566048
271,1,633276202,False,0.0,0,0,0,0.0,0.0,0.0,0.0,0.0,114046440,950,188051308544.0,426937504.0,0.0,0.0,0.5229984424
272,3,633277192,False,0.614956796169281,10750,4230,6690,0.00168557567037524,0.12454793013965,138.155068185013,1109.25222145487,0.0013022868578125,114046440,460,3441295232.0,8535600.0,1179236400.0,1063091.3125,0.01045611
273,3,633277207,False,0.335787385702133,2060,2780,6040,7.6207305721047e-05,0.000126898750706098,0.0548106479615342,431.924251866575,5.8878266015625e-05,114046440,484,75338229760.0,378757792.0,20759960.0,48063.890625,0.4639782952
274,3,633276940,False,0.603571236133575,11470,6570,7160,0.0024718409897554,0.0402016612095138,25.6078847520062,636.985735951282,0.00190976061896057,114046440,135,7904965760.0,38779200.0,993053284.375,1558988.26037598,0.04750452
275,1,633276139,False,0.0352967344224453,1370,6250,5140,7.05040330438852e-06,3.06103970615368e-06,0.000426718761445954,139.403198242188,5.44718800048828e-06,114046440,1016,136685436928.0,1452671104.0,619882.0,4446.68408203125,1.7795221024
276,1,633276725,False,0.326479852199554,12730,5880,5280,0.000185604645615123,0.00867347698658705,6.29521369934082,725.800476074219,0.000143399370898437,114046440,177,3244770048.0,13496400.0,84962720.0,117060.7109375,0.01653309
277,1,633276278,False,0.206630662083626,10770,3820,4450,4.97858966753651e-05,0.000820256944280118,0.212581008672714,259.163909912109,3.84649114746094e-05,114046440,850,1345624704.0,38280600.0,8137728.5,31399.927734375,0.046893735
278,3,633277619,False,0.0953279435634613,1640,3910,5810,2.60539558719128e-05,5.90474204091312e-06,0.000740770712448656,125.453526558139,2.0129457800293e-05,114046440,1016,261394546688.0,2782883712.0,2061478.75,16432.2104492188,3.4090325472
279,1,633276250,False,0.340184062719345,7440,4230,3260,8.80645900945634e-05,5.21049161393879e-05,0.0354406448067394,680.178521196171,6.80392819702148e-05,114046440,896,128424665088.0,1065969876.0,37778659.75,55542.2709960938,1.3058130981
280,2,633275614,False,0.405805915594101,9820,4510,6090,0.000677821282404621,0.0253131650388241,14.8701343536377,587.446655273438,0.000523689184375,114046440,757,4109954560.0,16888500.0,251134256.0,427501.375,0.0206884125
281,2,633275619,False,0.216007575392723,11660,5170,7430,3.96245899870673e-05,0.000973427726421505,0.546672761440277,561.595642089844,3.06142190429687e-05,114046440,765,5122439168.0,25673400.0,14034948.0,24991.19921875,0.031449915
282,2,633275489,False,0.670037090778351,3460,4830,6090,0.0075261695552289,0.0145822083577514,12.4210748672485,851.796569824219,0.0058147681375,114046440,597,82259582976.0,325516512.0,4043265024.0,4746749.5,0.3987577272
283,1,633276071,False,0.00107396184466779,4750,4400,1430,2.08829047735588e-09,5.42198330677479e-09,1.08314270619303e-06,199.76872253418,1.61342696845531e-09,114046440,1106,67816849408.0,242915392.0,263.112030029297,1.31708323955536,0.2975713552
284,3,633276874,False,0.737819910049438,6410,5610,6050,0.019547542642617,0.0725746573621942,66.5031207886683,916.3408165577,0.0151025601125,114046440,38,52916228096.0,169875008.0,11297218176.0,12328620.5,0.2080968848
285,3,633277301,True,0.977342188358307,6490,4770,6960,0.000790800844228683,0.53683074425149,1431.66103805629,2666.87601890698,0.0006109779375,114046440,629,1859852800.0,929077.75,1330124416.0,498757.5,0.00113812024375
286,1,633276413,False,0.592597544193268,6030,1310,4570,0.000114538310405462,4.9049576773541e-05,0.0399115271866322,813.697692871094,8.84930525390625e-05,114046440,648,577273266176.0,1472779776.0,58780892.0,72239.2265625,1.8041552256
287,1,633276037,False,0.163259834051132,2620,2630,4760,2.03769270850549e-06,7.68584231991554e-06,0.0192746762186289,2507.81567382812,1.57433479919434e-06,114046440,526157192,57979932672.0,167212800.0,3222972.5,1285.17126464844,0.20483568
288,2,633275087,False,0.696230053901672,9380,4700,10420,0.000207220187780986,0.000181019306182861,0.199805587530136,1103.78051757812,0.000160099681054687,114046440,20,179297746944.0,721987200.0,144257072.0,130693.6171875,0.88443432
289,2,633275482,False,0.209851458668709,4080,2390,5740,0.000295656938126418,0.000866466900333762,0.541464984416962,624.911376953125,0.000228426496484375,114046440,588,61915213824.0,215208000.0,116527600.0,186470.609375,0.2636298
290,3,633277284,False,0.549152910709381,3450,3830,6610,0.000180178401457436,0.000528787199585128,0.364429503268737,689.179888534856,0.000139207018945312,114046440,608,50323781632.0,214903808.0,78317288.0,113638.3828125,0.2632571648
291,2,633275957,False,0.746926069259644,9820,3530,7550,0.010759448854977,0.00907760131603051,2.87699215016437,316.933080667882,0.00831282100673828,114046440,933,58506547072.0,747551704.0,2150700384.25,6785976.33203125,0.9157508374
292,1,633276665,False,0.399201214313507,6420,3890,4780,0.000247532029605104,0.000834759732242674,0.623446345329285,746.857177734375,0.000191244875390625,114046440,255,69741142016.0,187021792.0,116598048.0,156118.265625,0.2291016952
293,1,633275970,False,0.0,0,0,0,0.0,0.0,0.0,0.0,0.0,114046440,312782574,72831036416.0,221438700.0,0.0,0.0,0.2712624075
294,2,633275548,False,0.211389154195786,2220,2580,7100,0.000124360791155171,0.000749322236515582,0.411970973014832,549.791442871094,9.60819658203125e-05,114046440,667,26020714496.0,104673600.0,43122484.0,78434.2578125,0.12822516
295,3,633276850,True,1.0,6530,5900,6570,0.98593828001966,0.863386475488925,3536.05239723722,4095.56148680091,0.761742404835511,114046440,8,2671092705722.09,720222695.412811,2546745188659.12,621830534.559601,0.882272801880694
296,1,633275230,False,0.000777469424065202,9490,2950,930,1.79636327015578e-09,1.96326582563234e-09,9.85335061586232e-08,50.1885709373496,1.38788208663464e-09,114046440,312782628,173048199680.0,577081796.0,56.8618927001953,1.13296496868134,0.7069252001
297,2,633275082,False,0.715307474136353,8540,2170,6100,0.10808120655251,0.0743466690182686,77.8472747802734,1047.0849609375,0.0835042516,114046440,10,452937940992.0,916876800.0,71376363520.0,68166736.0,1.12317408
298,3,633276913,False,0.272601127624512,11140,5820,8470,0.000182790214346836,0.000125943299711759,0.0907243926034823,720.359025141625,0.000141224922775269,114046440,101,115276267520.0,915377408.0,83047059.34375,115285.651245117,1.1213373248
299,3,633277051,False,0.780824780464172,7210,930,6330,0.000247554272092779,0.000229260880513822,0.20556380626123,896.637079123649,0.000191262060083008,114046440,274,202796621824.0,681024576.0,139994004.0,156132.293945312,0.8342551056
300,2,633275677,False,0.208273634314537,5450,2920,10020,3.18197451909886e-05,6.95811904734001e-05,0.0447677969932556,643.389343261719,2.45841445800781e-05,114046440,838,119800291328.0,288421184.0,12911981.0,20068.689453125,0.3533159504
301,3,633277574,False,0.13640084862709,2420,3670,5310,1.77855762391584e-05,3.23637210692729e-05,0.0194632784223379,601.391860369757,1.37412532714844e-05,114046440,969,126144524288.0,346602592.0,6746022.75,11217.349609375,0.4245881752
302,1,633276032,False,0.706292510032654,9590,4600,3420,0.00111946301004253,0.000944475784046221,0.216886509461634,229.636919363323,0.000864904490144348,114046440,933,58630715584.0,747551704.0,162133879.722656,706044.481750488,0.9157508374
303,3,633277370,False,0.196629554033279,12890,5350,6270,0.000149863807652522,0.000315261304949903,0.165577334730335,525.20665280075,0.000115785764233398,114046440,711,50310397952.0,299811584.0,49642003.0,94518.9912109375,0.3672691904
304,1,633276500,False,0.819386959075928,7900,5530,5680,0.019578234767231,0.107725098729134,140.42903137207,1303.58703613281,0.01512627305,114046440,525,51845533696.0,114624896.0,16096663552.0,12347978.0,0.1404154976
305,1,633276830,False,0.202103838324547,5290,7110,2980,7.37738273765534e-05,9.73657951824094e-05,0.0171828651476041,176.477428396831,5.69981446289062e-05,114046440,21,29773291520.0,477879296.0,8211335.5,46529.09765625,0.5854021376
306,2,633275862,False,0.18692384660244,7950,4390,9860,1.5046735558138e-05,0.000355317606590688,0.17837481200695,502.01513671875,1.16252069335937e-05,114046440,1045,5539061248.0,26708400.0,4764106.0,9489.96484375,0.03271779
307,1,633276385,False,0.709669530391693,7570,3280,1460,0.00877210567333008,5.64294007482357e-05,0.0364337430107909,645.651779527892,0.00677738658340808,114046440,688,29569807356203.7,98043934596.0,3572107516.83746,5532560.4762515,120.1038198801
308,1,633276526,False,0.819386959075928,7900,5530,5680,0.106510590712069,0.038801666641606,36.2087756789136,933.175783745532,0.0822907834634888,114046440,467,532837493760.0,1731269700.0,62687156207.0,67176149.7661133,2.1208053825
309,3,633277239,False,0.462886959314346,7770,1980,5890,0.00120521099540086,0.000891460613040875,0.529021458919505,593.432229288237,0.000931153948046875,114046440,542,226726002688.0,852674432.0,451083072.0,760125.671875,1.0445261792
310,1,633276133,False,0.0,0,0,0,0.0,0.0,0.0,0.0,0.0,114046440,1023,94895792128.0,272100608.0,0.0,0.0,0.3333232448
311,1,633276083,False,0.140398234128952,7240,4240,3220,6.33114179468275e-06,8.02053327788599e-05,0.0294186193495989,366.791320800781,4.89148182373047e-06,114046440,1092,8602972160.0,49785300.0,1464614.75,3993.04638671875,0.0609869925
312,3,633277143,False,0.24872313439846,13140,5090,6540,1.11992303499065e-05,0.000351746254701319,0.0358484846221266,101.915753595065,8.65259908447265e-06,114046440,380,436395752.0,20080800.0,719866.25,7063.34619140625,0.02459898
313,2,633275109,False,1.0,7390,3310,5950,0.0223870854162636,0.183805540204048,280.379119873047,1525.41174316406,0.01729640955,114046440,50,52647440384.0,76817696.0,21538078720.0,14119518.0,0.0941016776
314,3,633277581,False,0.448944836854935,10550,3650,6520,0.0015087139869253,0.000791572721638649,0.558284123203042,705.28469203351,0.00116564235703125,114046440,976,413377904640.0,1202093952.0,671109968.0,951544.78125,1.4725650912
315,3,633277433,True,1.0,6840,5850,7200,0.0204830796663827,0.663002684514986,2458.71971565532,3708.46117682612,0.015825362175,114046440,803,54585131008.0,19485084.0,47908360192.0,12918663.0,0.0238692279
316,2,633275732,False,0.696230053901672,9380,4700,10420,0.00152112981012549,0.000187063820430366,0.128987438025733,689.537066702582,0.00117523490375977,114046440,909,1355698642944.0,5128599584.0,661524921.0,959375.431640625,6.2825344904
317,1,633276154,False,0.0634372308850288,4540,5160,1670,5.79748854141571e-06,1.76815665327013e-05,0.00331540266051888,187.506164550781,4.47917780761719e-06,114046440,996,50669592576.0,206795696.0,685611.0,3656.4716796875,0.2533247276
318,3,633277773,False,0.570574522018433,10110,5510,6910,0.000496861842147313,0.0250279847614819,15.4282984314101,616.441898077,0.000383878729711914,114046440,549009219,2903254784.0,12520800.0,193174639.0,313370.391601562,0.01533798
319,1,633276599,False,0.761429607868195,9160,4260,5690,0.0501870705628954,0.0385893866611661,30.0566572496363,778.884036524048,0.0387748610607422,114046440,348,195184820480.0,820250088.0,24653975754.0,31652947.8046875,1.0048063578
320,1,633276338,False,0.126199826598167,4810,6390,5690,3.42511123185004e-06,0.000554071797523648,0.271300792694092,489.649169921875,2.64626348266602e-06,114046440,763,335200800.0,3898800.0,1057747.5,2160.21508789062,0.00477603
321,2,633275790,False,0.421123802661896,11150,5310,5930,0.000288545956752658,0.00168992555700243,0.757429778575897,448.203033447266,0.00022293250546875,114046440,970,14291949568.0,107688600.0,81566552.0,181985.71875,0.131918535
322,3,633277353,False,0.719732999801636,6700,6600,6430,0.0405266750030452,0.0516879648786619,44.2184370630814,855.488065101512,0.0313111758640625,114046440,693,165687771136.0,494508608.0,21866397760.0,25560143.5625,0.6057730448
323,3,633276918,False,0.424071758985519,11150,5540,7120,0.000164062990624292,0.0159152216798077,12.0612976421189,757.846663073601,0.000126756146459961,114046440,106,2118287936.0,6501600.0,78417732.75,103474.405273438,0.00796446
324,1,633276128,False,0.0796359181404114,5740,940,3360,3.64865171683357e-06,1.70702951436397e-05,0.0107219833880663,628.107666015625,2.81897233276367e-06,114046440,1030,39746949120.0,134807392.0,1445402.625,2301.20190429688,0.1651390552
325,1,633276384,False,0.377345114946365,5450,6760,4790,0.000953516274550125,0.0204261988401413,9.75948905944824,477.792724609375,0.00073669295,114046440,689,4995588608.0,29441700.0,287335936.0,601382.0,0.0360660825
326,3,633277030,False,0.0,0,0,0,0.0,0.0,0.0,0.0,0.0,114046440,312782598,3328682624.0,14522400.0,0.0,0.0,0.01778994
327,3,633277340,False,0.0467020981013775,7580,2150,9700,9.15726817537592e-07,4.84287923725727e-06,0.00462999036955421,956.040847340305,7.07496566772461e-07,114046440,678,48340406272.0,119257200.0,552159.6875,577.548217773438,0.14609007
328,2,633275904,False,0.999788701534271,5810,4690,6350,0.0165780409386341,0.0951202213764191,309.442199707031,3253.16943359375,0.01280830355,114046440,1096,71468335104.0,109921504.0,34014351360.0,10455758.0,0.1346538424
329,3,633277026,False,0.87624204158783,8980,4530,6730,0.0306744053920433,0.156020759138828,250.291382340417,1604.21846247849,0.0236992475125,114046440,246,79119491072.0,123998400.0,31035730944.0,19346324.5,0.15189804
330,3,633277234,False,0.66012579202652,10060,4890,6930,0.0208368994044926,0.0562481460526879,51.6589540147235,918.411674694742,0.0160987256335937,114046440,534,71984316416.0,233640000.0,12069598016.0,13141816.84375,0.286209
331,2,633275941,False,0.590998351573944,7770,4080,7040,0.0125597881870738,0.0629581362009048,37.4471282958984,594.794128417969,0.009703775025,114046440,563807435,26575194112.0,125820896.0,4711631360.0,7921449.0,0.1541305976
332,1,633276261,False,0.0319269932806492,4980,3190,1330,4.07745056966923e-06,7.3208802859881e-06,0.000982623663730919,134.222076416016,3.15026514892578e-06,114046440,878,76090032128.0,351275392.0,345171.53125,2571.64501953125,0.4303123552
333,2,633275995,False,0.556018888950348,8070,3810,7350,0.00935226653966196,0.0637875646352768,42.6078605651855,667.965026855469,0.0072256226875,114046440,1029,22879064064.0,92470496.0,3939970048.0,5898467.5,0.1132763576
334,2,633275768,False,0.999629199504852,7070,5760,6350,0.133494447458145,0.26501926779747,554.002746582031,2090.42456054688,0.1031386888,114046440,946,374327405312.0,317693312.0,176002973696.0,84194848.0,0.3891743072
335,3,633277469,True,1.0,6050,1580,6930,0.0104011793124989,0.863676956114917,3536.3440901666,4094.52175970303,0.0080360196,114046440,844,28173242368.0,7595451.0,26860128256.0,6560016.0,0.009304427475
336,1,633276542,False,0.0,0,0,0,0.0,0.0,0.0,0.0,0.0,114046440,441,2304926720.0,10631700.0,0.0,0.0,0.0130238325
337,1,633276031,False,0.263475984334946,6710,590,4470,0.000246404274028659,3.28789826433346e-05,0.0215698991020135,656.039127974243,0.000190373564009094,114046440,254,1598000651903.69,4726636244.0,101953066.875,155406.991027832,5.7901293989
338,3,633277092,False,0.565183639526367,6320,6520,8020,0.0128566360218998,0.0117401299605262,8.61210112139256,733.560969967883,0.00993312161611328,114046440,327,205759381504.0,690679808.0,5948204349.0,8108670.70703125,0.8460827648
339,1,633276536,False,0.267011851072311,5640,3540,5680,4.88569178487031e-05,0.00105829013045877,0.394407838582993,372.684051513672,3.77471763183594e-05,114046440,449,3668380160.0,29116800.0,11483894.0,30814.021484375,0.03566808
340,3,633276886,False,0.833360612392426,4600,5730,6930,0.053985411372757,0.00859545252900837,7.54738720867064,878.067464534221,0.0417094841720703,114046440,56,1361852301312.0,3961229312.0,29896931440.0,34048558.5078125,4.8525059072
341,3,633276947,False,0.484192132949829,12320,6660,6980,0.00076428642182985,0.0244787159078421,16.6445170818099,679.958750470141,0.000590492720230102,114046440,143,3694702464.0,19692000.0,327763830.375,482034.873657227,0.0241227
342,3,633277732,False,0.403521299362183,3230,3120,7060,0.000928414274699155,0.00579753808918433,3.5167835183832,606.599467616087,0.0007172989796875,114046440,526157196,27673682944.0,100999800.0,355194432.0,585550.1875,0.123724755
343,2,633275422,False,0.340346962213516,3550,3690,7180,9.10558175916062e-05,0.00291808741167188,1.59958064556122,548.16064453125,7.03503240234375e-05,114046440,488,3324708352.0,19680300.0,31480228.0,57428.8359375,0.0241083675
344,2,633275400,False,0.462884783744812,6750,6520,8830,0.00165352800665305,0.00552529701963067,3.75226998329163,679.107360839844,0.001277526621875,114046440,451,50946289664.0,188746208.0,708226752.0,1042878.875,0.2312141048
345,3,633277573,False,0.0893488824367523,11990,4730,5300,1.02848213978282e-05,4.74450338038504e-06,0.00313851362941523,661.505194071654,7.94612070922851e-06,114046440,968,445557932032.0,1367188224.0,4290938.875,6486.62915039062,1.6748055744
346,2,633275776,False,0.972338259220123,4230,3910,5980,0.0168770122783906,0.0137021616101265,8.90022468566895,649.548950195312,0.013039290775,114046440,956,120654376960.0,776835008.0,6914006016.0,10644319.0,0.9516228848
347,3,633277707,False,0.544679641723633,2840,3490,6280,0.00018570009795808,0.000209913080636513,0.167767668122157,799.224458111142,0.000143473118006897,114046440,1125,181171404800.0,557949568.0,93605897.953125,117120.912658691,0.6834882208
348,2,633275103,False,0.197634443640709,7860,640,7850,1.94867526123246e-05,9.34673953452148e-05,0.0490108616650105,524.363159179688,1.50555933349609e-05,114046440,41,37686677504.0,131492704.0,6444570.5,12290.2802734375,0.1610785624
349,3,633277415,False,0.343271911144257,9080,1020,7480,5.57512033631041e-05,2.51622709798439e-05,0.0331858310265568,1318.87265076909,4.3073746686697e-05,114046440,778,556180635648.0,1397419264.0,46374519.5683594,35162.242193222,1.7118385984
350,2,633275885,True,0.925642430782318,6380,5290,6430,2.40940365802597e-05,0.722387552261353,1851.93139648438,2563.6259765625,1.86152112548828e-05,114046440,1077,47176940.0,21035.92578125,38957092.0,15196.0908203125,2.57690090820312e-05
351,3,633276937,False,0.539170682430267,6920,5340,9350,0.00128927386777049,0.00107521873783486,0.731921669184322,680.718856014521,0.0009961014765625,114046440,131,213218828288.0,756259200.0,553522496.0,813144.0625,0.92641752
352,3,633277188,False,0.540907979011536,5050,5420,5700,0.00330283520204534,0.0574900835541204,36.9186580559695,642.174367710125,0.0025517922171875,114046440,452,8554092800.0,36234000.0,1337710656.0,2083095.6875,0.04438665
353,3,633277461,False,0.99984210729599,6630,5820,7540,0.218415896586903,0.0451322056970884,51.9989996308558,1152.1484232314,0.168749559371094,114046440,835,981596516290.531,3052249280.0,158713909184.0,137754742.34375,3.739005368
354,2,633275728,False,0.0,0,0,0,0.0,0.0,0.0,0.0,0.0,114046440,905,33405958144.0,89691296.0,0.0,0.0,0.1098718376
355,3,633277625,False,0.599324941635132,5680,5250,7370,0.019339344243699,0.0086608056155362,5.05207960505196,583.326751496337,0.014941704659082,114046440,1022,271586123776.0,1408334336.0,7115017176.0,12197309.9257812,1.7252095616
356,3,633277690,False,0.572270750999451,4070,4530,8700,0.000739229696434799,0.000343163693375748,0.301464405173187,878.485722681326,0.000571133729260254,114046440,1101,455433158656.0,1358627456.0,409577817.875,466231.615722656,1.6643186336
357,1,633275947,False,0.213341444730759,7340,1320,3730,9.24002702945425e-05,0.000120674449135549,0.0487182773649693,403.716613769531,7.138905703125e-05,114046440,484682512,74918215680.0,482925600.0,23527304.0,58276.78125,0.59158386
358,2,633275454,False,0.0,0,0,0,0.0,0.0,0.0,0.0,0.0,114046440,545,318769.4375,900.0,0.0,0.0,1.1025e-06
359,2,633275841,False,0.599571108818054,5160,2020,6740,0.0402087967714785,0.0237010903656483,14.5280961990356,612.971618652344,0.03106558105,114046440,1021,313328205824.0,1069978496.0,15544750080.0,25359658.0,1.3107236576
360,1,633276567,False,0.611311495304108,8400,4850,5670,0.00210327743101471,0.0789040848612785,30.0555877685547,380.912933349609,0.0016250059875,114046440,397,2223741952.0,16812000.0,505294528.0,1326535.5,0.0205947
361,1,633276078,False,0.517551720142365,12530,5760,4890,0.00303144981149914,0.00384444324299693,2.02038717269897,525.534423828125,0.002342118078125,114046440,1098,67732295680.0,497323808.0,1004786624.0,1911933.125,0.6092216648
362,1,633276317,False,0.103247374296188,10410,6300,4060,5.36489886571554e-06,6.95822309353389e-05,0.0202759932726622,291.396148681641,4.14495617675781e-06,114046440,798,1472898752.0,48627900.0,985979.0,3383.6376953125,0.0595691775
363,1,633276323,False,0.077956959605217,6260,7260,2850,7.5468652292397e-06,8.87649548531044e-06,0.00504961842671037,568.875244140625,5.83075775146484e-06,114046440,788,136540209152.0,536225408.0,2707733.75,4759.80224609375,0.6568761248
364,3,633277293,False,0.584219574928284,6310,6720,7820,0.00292348587901683,0.00641264381831261,4.7118331570101,734.772317083088,0.00225870443324356,114046440,619,79648070656.0,287532008.0,1354802848.99609,1843840.35366821,0.3522267098
365,2,633275856,False,0.138073608279228,12690,4990,6140,5.98417772236858e-05,0.00102753448300064,0.426487475633621,415.059020996094,4.62341509765625e-05,114046440,1039,5661999104.0,36730800.0,15665226.0,37742.1640625,0.04499523
366,3,633277515,False,0.479729622602463,6440,1210,6730,0.000446467247629132,0.000758964353714858,0.523310580332277,689.506137898123,0.000344943534277344,114046440,906,111541612544.0,371014208.0,194155660.5,281586.55859375,0.4544924048
367,1,633276757,False,0.0802997052669525,3720,3330,4840,1.22466784878332e-06,8.0327496107202e-05,0.0623378157615662,776.045776367188,9.46186441040039e-07,114046440,132,1772247040.0,9615600.0,599415.5,772.397094726562,0.01177911
368,3,633277086,False,0.531170189380646,7530,4370,8280,0.00147285816466913,0.0384268445857378,26.3037590800033,684.51519669575,0.00113793991274414,114046440,321,6951315968.0,24174000.0,635867072.0,928930.541015625,0.02961315
369,2,633275311,False,0.487898856401443,6520,880,8650,0.0108988277800034,0.00242936215323897,1.60985615898793,662.66618867079,0.00842050608164062,114046440,329,1107399066624.0,2829500948.0,4555089528.0,6873882.515625,3.4661386613
370,2,633276006,False,0.248917579650879,8980,5000,5700,0.000218637983668929,0.0122045930474997,8.29183864593506,679.403137207031,0.0001689211453125,114046440,607344842,3864947456.0,11298600.0,93686168.0,137894.8125,0.013840785
371,3,633277635,False,0.556956708431244,5890,3840,10100,0.000176515490316334,0.000105981665153305,0.108186542830899,1020.80433133792,0.0001363770296875,114046440,1035,452112384000.0,1050447616.0,113644296.0,111328.1875,1.2867983296
372,2,633275961,True,1.0,6400,5300,6890,0.0105964546356273,0.540396273136139,1808.09362792969,3345.86645507812,0.0081868906,114046440,262,27962947584.0,12367177.0,22361014272.0,6683176.0,0.015149791825
373,3,633276965,False,0.761429607868195,9160,4260,5690,0.0828623267317615,0.0791656553671514,83.2299744633795,1051.33942335699,0.0640199790535156,114046440,165,251573386240.0,660150000.0,54944267642.0,52261207.390625,0.80868375
374,2,633275352,False,0.858586609363556,8180,5260,6840,0.019205410477848,0.136781051754951,217.754196166992,1591.99084472656,0.01483822655,114046440,374,57125617664.0,88556400.0,19283527680.0,12112838.0,0.10848159
375,2,633275679,False,0.520318150520325,4130,5520,6910,0.000724392426581766,0.000212484825201715,0.101873772451778,479.440225225816,0.00055967035690918,114046440,840,172594513920.0,2150147712.0,219043658.75,456873.760742188,2.6339309472
376,2,633275785,False,0.454984426498413,6140,580,6490,0.000169323398571928,0.000354231335222721,0.219889298081398,620.750610351562,0.000130820372265625,114046440,965,87237926912.0,301475712.0,66291284.0,106792.140625,0.3693077472
377,3,633277719,False,0.190627261996269,2030,3670,7200,1.49775275893542e-05,3.78517305688843e-05,0.0176643311307241,466.671691498432,1.15717364013672e-05,114046440,204,52827082752.0,249560992.0,4408328.0,9446.3154296875,0.3057122152
378,1,633276285,False,0.612301647663116,8830,1580,5350,0.000467324807931007,0.000568153394851834,0.548239946365356,964.950561523438,0.00036105822265625,114046440,842,183046946816.0,518770816.0,284410880.0,294741.40625,0.6354942496
379,1,633276319,False,0.678125858306885,8170,3470,5500,0.186745324094714,0.0557616613805294,41.8023300170898,749.660766601562,0.1442806666,114046440,795,663683284480.0,2112206336.0,88295145472.0,117780136.0,2.5874527616
380,2,633275684,False,0.997944891452789,6040,1590,6870,0.086846109186113,0.0425659753382206,36.8753623962402,866.310729980469,0.0670978756,114046440,844,468876685312.0,1286797184.0,47451111424.0,54773776.0,1.5763265504
381,3,633277649,False,0.785551071166992,3670,4070,6130,0.000773194359886104,0.00264212673196292,1.73660887508371,657.276902759894,0.00059737505180664,114046440,1054,45720240128.0,184568400.0,320523121.5,487653.103515625,0.22609629
382,1,633276634,False,0.0,0,0,0,0.0,0.0,0.0,0.0,0.0,114046440,303,129966219264.0,346324512.0,0.0,0.0,0.4242475272
383,3,633277710,True,1.0,6100,1360,7040,0.0151450298817316,0.936637459050127,4229.23867815491,4515.34223545139,0.011701149775,114046440,1128,44052393984.0,10198139.0,43130363904.0,9551959.0,0.012492720275
384,3,633277728,False,0.0713709965348244,9740,1920,7640,8.22756644850977e-06,1.76518336742921e-05,0.0095978370013124,543.730310312779,6.35667199401855e-06,114046440,484682508,87349923840.0,293970592.0,2821481.82519531,5189.11999511719,0.3601139752
385,1,633276420,False,0.529176652431488,7350,5260,4850,0.0106471570745361,0.00307061787919895,1.86687499828982,607.9802410246,0.00822606363803711,114046440,637,488067504128.0,2186906432.0,4082680941.5,6715153.99023438,2.6789603792
386,2,633275441,False,0.393171489238739,7550,1940,10190,0.00132499116879922,0.00943151582032442,6.18883514404297,656.186706542969,0.0010236968984375,114046440,527,27539777536.0,88604096.0,548356160.0,835670.9375,0.1085400176
387,2,633275480,False,0.448052257299423,7740,3350,8020,0.000344237838548194,0.00503357220441103,3.45703673362732,686.795959472656,0.000265960419921875,114046440,496345672,11223106560.0,43132500.0,149110640.0,217110.546875,0.0528373125
388,1,633276114,False,0.0117362672463059,9890,4880,2860,3.6121080470009e-07,3.78575691684091e-07,9.89612181001576e-06,26.1404056549072,2.79073845291138e-07,114046440,1049,147474087936.0,601769728.0,5955.1865234375,227.815383911133,0.7371679168
389,1,633276130,False,0.0237618573009968,8030,1890,1220,5.14898928431965e-07,1.1787877667976e-06,0.000330476426351326,280.352779066521,3.97814301300049e-07,114046440,1027,84291840768.0,275491804.0,91043.546875,324.746368408203,0.3374774599
390,3,633277059,False,0.463994383811951,5380,5110,6350,0.000255621482243816,0.0230961373766188,14.3725876740588,622.293998329295,0.000197494839746094,114046440,287,1376117184.0,6980400.0,100326411.0,161220.27734375,0.00855099
391,3,633277670,False,1.0,7050,3080,6370,0.0770664959361908,0.111251662991648,260.80043497797,2344.2385305966,0.05954208203125,114046440,1083,211425740160.0,436899368.0,113943545216.0,48605781.25,0.5352017258
392,1,633276086,False,0.357791185379028,6690,3040,5130,0.00135672281422942,4.45936166215688e-05,0.0350845046341419,786.7607421875,0.0010482129765625,114046440,1089,5670782700032.0,19188488192.0,673218624.0,855684.0625,23.5058980352
393,1,633276449,False,0.0,0,0,0,0.0,0.0,0.0,0.0,0.0,114046440,601,14725579776.0,50253300.0,0.0,0.0,0.0615602925
394,3,633277488,False,0.703846514225006,9980,4230,7340,0.10850897144941,0.0677926594377243,59.523490940444,878.022656643579,0.083834745575,114046440,867,314281993216.0,1009497600.0,60088821248.0,68436527.0,1.23663456
395,1,633276166,False,0.111919932067394,6580,1460,1860,3.47442893538562e-05,5.80059459025506e-05,0.0161187332123518,277.880706787109,2.68436666503906e-05,114046440,981,86974062592.0,377775008.0,6089254.5,21913.197265625,0.4627743848
396,3,633277766,False,0.779154539108276,7970,3640,6110,0.00930660581077617,0.1049069423444,152.901757817527,1457.49894526107,0.0071903449078125,114046440,549009203,28134473216.0,55951200.0,8555036832.0,5869669.3125,0.06854022
397,2,633275802,False,0.427213340997696,7290,2160,5820,0.000920055199445496,0.0209064036607742,12.4596490859985,595.972839355469,0.000710840703125,114046440,982,6294371328.0,27756000.0,345830016.0,580278.125,0.0340011
398,1,633276293,False,0.602324604988098,7620,2920,5680,0.00163875888335388,0.0109694674611092,5.60956621170044,511.380004882812,0.0012661159,114046440,832,6550960704.0,94221896.0,528543968.0,1033564.0,0.1154218226
399,2,633275546,False,0.307021588087082,9160,6000,9200,0.00012383446561321,0.000176535657374188,0.100042335689068,566.697631835938,9.56753232421875e-05,114046440,664,120337088512.0,442416608.0,44260392.0,78102.3046875,0.5419603448
400,1,633275965,False,0.357791185379028,6690,3040,5130,0.000281973588869496,9.17655052035116e-05,0.0667764693498611,727.685974121094,0.00021785465078125,114046440,10703,570975584256.0,1937988864.0,129412056.0,177840.53125,2.3740363584
401,1,633276382,False,0.0,0,0,0,0.0,0.0,0.0,0.0,0.0,114046440,692,20712183808.0,75768304.0,0.0,0.0,0.0928161724
402,3,633277324,False,0.139224275946617,3830,3740,9410,1.67228606811767e-05,7.82704428038916e-06,0.00513419650285818,655.955980180415,1.29201922363281e-05,114046440,657,522811949056.0,1347519616.0,6918430.5,10547.095703125,1.6507115296
403,3,633277341,False,0.721566379070282,9140,5420,6030,0.0454126906967552,0.0528946427619552,35.6482942194947,673.949049621619,0.03508614375,114046440,679,117638225920.0,541486784.0,19303080192.0,28641750.0,0.6633213104
404,1,633276405,False,0.706292510032654,9590,4600,3420,0.000288017203349878,0.000483364972751588,0.151894986629486,314.244934082031,0.000222523987109375,114046440,658,38608617472.0,375807616.0,57083292.0,181652.234375,0.4603643296
405,3,633277278,False,0.258498430252075,7150,2710,10270,3.90968709025445e-05,8.36953783525307e-05,0.0600559195463223,717.553594098859,3.02064998046875e-05,114046440,600,98128486400.0,294620416.0,17693700.0,24658.3671875,0.3609100096
406,2,633275309,False,0.565183639526367,6320,6520,8020,0.0128367728192481,0.0234439838677645,17.1979579925537,733.576599121094,0.009917775175,114046440,327,101174558720.0,345339904.0,5939141120.0,8096143.0,0.4230413824
407,3,633276905,False,0.976699352264404,6670,5950,6380,0.0663804019044063,0.0655498489753786,71.7008254889504,1093.83662372559,0.05128593544375,114046440,88,268390829824.0,638690560.0,45794640384.0,41866069.75,0.782395936
408,1,633275914,False,0.3743055164814,7990,4060,4390,0.000238334921209159,0.00141714990604669,0.882025539875031,622.393920898438,0.00018413912890625,114046440,560581551,22075131904.0,106070400.0,93556800.0,150317.65625,0.12993624
409,2,633275935,False,0.703846514225006,9980,4230,7340,0.0977489837889431,0.0355830026446132,32.1379832484223,903.183566867637,0.0755215082835937,114046440,1132,395448568832.0,1732574720.0,55681457328.0,61650210.84375,2.122404032
410,3,633277210,False,0.340346962213516,3550,3690,7180,9.10625932613694e-05,0.00145915228292616,0.799857811528911,548.166096772908,7.03555589504957e-05,114046440,488,6446479872.0,39360600.0,31482883.3764648,57433.1093473434,0.048216735
411,2,633275838,False,0.107595697045326,10720,3960,9310,1.1095208204061e-05,1.43911362394745e-06,0.000358092023215301,248.828179551984,8.57223088989258e-06,114046440,1017,1787427160064.0,4862534400.0,1741234.78125,6997.73950195312,5.95660464
412,2,633275689,False,0.424521625041962,10840,3870,6810,0.000237753944024668,0.00391715997830033,1.44017541408539,367.658050537109,0.000183690262109375,114046440,850,2181207040.0,38280600.0,55130780.0,149951.234375,0.046893735
413,2,633275669,True,1.0,6880,5860,6360,0.00214795680864759,0.858079433441162,2729.90454101562,3181.41259765625,0.00165952556875,114046440,830,4632718848.0,1578775.5,4309906432.0,1354714.75,0.0019339999875
414,1,633276104,False,0.0796243250370026,6470,2270,2990,2.18835653036244e-06,2.09281188290333e-05,0.00898232217878103,429.19873046875,1.69073865966797e-06,114046440,1062,13577136128.0,65949300.0,592377.875,1380.19482421875,0.0807878925
415,1,633276192,False,0.709669530391693,7570,3280,1460,3.52520250380361e-05,0.000165944366017357,0.190808698534966,1149.83532714844,2.72359465820312e-05,114046440,954,40777396224.0,133981200.0,25564778.0,22233.42578125,0.16412697
416,2,633275148,True,0.832413911819458,6120,880,6970,0.000263102421297006,0.26665934920311,870.830261230469,3265.70288085938,0.0002032746625,114046440,113,972148352.0,622286.4375,541905856.0,165938.5,0.0007623008859375
417,1,633276773,False,0.108102351427078,5760,1010,3380,6.47235952699091e-06,1.40299307531677e-05,0.00800104346126318,570.283935546875,5.00058757324219e-06,114046440,113,107301863424.0,290957408.0,2327963.0,4082.1123046875,0.3564228248
418,2,633275131,True,1.0,6610,5910,6460,0.000955639513159124,0.714096188545227,2090.47924804688,2927.44799804688,0.000738333378125,114046440,88,2103963904.0,844033.5625,1764434688.0,602721.125,0.0010339411140625
419,2,633275635,False,0.278530955314636,7170,4040,9710,1.4982062796204e-05,0.000233942031627521,0.130185157060623,556.484680175781,1.15752403320312e-05,114046440,786,8834101248.0,40391100.0,5258321.5,9449.17578125,0.0494790975
420,2,633275513,False,1.0,6560,5810,7480,1.10125088685726,0.0284334635576638,26.1330611214295,919.095243828844,0.850833683894653,114046440,623,7514007276768.78,24427488684.0,638365054822.0,694558109.301758,29.9236736379
421,3,633277010,False,0.357310950756073,13050,5230,7580,0.000138520886032259,4.18767929307686e-05,0.00728006840770718,173.844936496037,0.000107022148327637,114046440,229,6448863808.0,2086239488.0,15187966.1875,87365.0190429688,2.5556433728
422,2,633275500,False,0.444298624992371,8650,500,6350,7.2320907514093e-05,8.40485008666292e-05,0.0577924661338329,687.608520507812,5.58756091796875e-05,114046440,610,187977924608.0,542695488.0,31363710.0,45612.7421875,0.6648019728
423,1,633276505,False,0.0,0,0,0,0.0,0.0,0.0,0.0,0.0,114046440,514,112367784.0,10040400.0,0.0,0.0,0.01229949
424,1,633276722,False,0.698738932609558,6800,5000,5640,0.037116438571472,0.122703619301319,106.262878417969,866.012573242188,0.02867640475,114046440,181,83161841664.0,190779296.0,20272756736.0,23409310.0,0.2337046376
425,2,633275212,False,0.413104385137558,12840,6970,5710,0.000824801944947039,0.0171641334891319,3.4611074924469,201.647659301758,0.00063724741171875,114046440,198,936310592.0,30307500.0,104897512.0,520201.96875,0.0371266875
426,2,633275664,True,1.0,6230,5430,6840,0.000862903143551692,0.885489240603927,3020.74395880081,3411.38414820329,0.000666684648552322,114046440,824,1961970777.09375,614612.059875488,1856585666.875,544232.366165161,0.000752899773347473
427,1,633275261,False,0.0,0,0,0,0.0,0.0,0.0,0.0,0.0,114046440,312782590,24356837376.0,66575700.0,0.0,0.0,0.0815552325
428,3,633277446,False,0.255699276924133,4250,2930,6460,9.10872798394019e-05,0.00102851770368724,0.48523749469096,471.783317828543,7.03746319631768e-05,114046440,819,12093515264.0,55855800.0,27103328.4559593,57448.6791536137,0.068423355
429,1,633276799,False,0.445530951023102,8130,4460,3250,0.000209129365865377,0.0163892898708582,7.71506261825562,470.738037109375,0.000161574724609375,114046440,66,1170182784.0,8047800.0,62089280.0,131897.734375,0.009858555
430,3,633277749,False,0.48821285367012,5220,4800,6370,0.00650904213804928,0.00751171999059403,4.32219078863545,575.392958476565,0.0050289288,114046440,266,121354690560.0,546512384.0,2362130792.0,4105248.0,0.6694776704
431,1,633276515,False,0.00241136783733964,3770,4180,4020,6.77566976322427e-09,2.17141504776919e-07,0.000134925605379976,621.371826171875,5.23492705821991e-09,114046440,488,3121771520.0,19680300.0,2655.37646484375,4.27340984344482,0.0241083675
432,3,633277029,False,0.075402595102787,8600,2800,9850,9.61774921836462e-06,8.49024604253096e-05,0.0580052200555388,683.198340365732,7.43073635253906e-06,114046440,249,23476395008.0,71445600.0,4144217.75,6065.9072265625,0.08752086
433,3,633277330,False,0.223477527499199,5110,6920,8540,0.000266135519328712,0.000206255557922582,0.0340978739739635,165.318570405565,0.000205618054003906,114046440,665,46683656192.0,813803392.0,27748965.5,167851.47265625,0.9969091552
434,1,633276626,False,0.709669530391693,7570,3280,1460,0.0064874767804386,7.37536889820836e-05,0.0468731998888264,635.537022428978,0.00501226726276142,114046440,315,18047672475435.7,55477180892.0,2600392989.2193,4091646.74511136,67.9595465927
435,3,633277386,True,0.954836845397949,6720,6250,6700,0.000622961240228873,0.241254567547199,607.050686716095,2516.22463726964,0.0004813039546875,114046440,737,1732484096.0,1628575.125,988627648.0,392901.1875,0.001995004528125
436,2,633275164,False,0.539170682430267,6920,5340,9350,0.00128927386777049,0.00215043756179512,1.46384334564209,680.718872070312,0.0009961014765625,114046440,131,104874262528.0,378129600.0,553522496.0,813144.0625,0.46320876
437,3,633276964,False,0.203340768814087,12840,5700,5690,2.20866408418908e-05,0.035828260884854,20.0936619084362,560.832745217912,1.70642840942383e-05,114046440,164,69008476.0,388800.0,7812415.75,13930.0278320312,0.00047628
438,3,633277338,False,0.369194269180298,4140,4990,8100,0.000276406033302473,0.00115346443532016,0.81079171496779,702.918694448296,0.000213553120703125,114046440,675,41245577216.0,151135200.0,122539168.0,174329.078125,0.18514062
439,3,633277723,False,0.809357762336731,7190,4150,8210,0.00856524377202848,0.0147323804359917,15.7414251246858,1068.49162584948,0.0066175637168457,114046440,484682524,57330538496.0,366681600.0,5772090951.0,5402092.83007812,0.44918496
440,3,633277333,True,0.686199724674225,6100,720,6860,0.000108570281673657,0.214557648935846,607.888430340786,2833.21724187306,8.38821142578125e-05,114046440,670,394114496.0,319145.90625,194005104.0,68475.1953125,0.00039095373515625
441,2,633275795,False,0.713773727416992,8590,4130,5740,0.00328824038924338,0.181029379367828,185.857711791992,1026.67150878906,0.00254051616875,114046440,975,5867544064.0,11456100.0,2129204608.0,2073890.75,0.0140337225
442,1,633276105,False,0.473904728889465,8100,2420,5040,0.000539096833094198,0.00521696638315916,4.21045970916748,807.070495605469,0.00041650976171875,114046440,1061,20053536768.0,65173500.0,274410400.0,340007.96875,0.0798375375
443,3,633277101,False,0.57405960559845,8350,2780,5930,0.00387914207418687,0.0974830858973439,81.2341702327731,833.31553863937,0.0029970507,114046440,336,9544411392.0,25097400.0,2038766464.0,2446572.0,0.030744315
444,3,633276925,False,0.569444179534912,5960,7050,5250,0.00173518955125348,0.00390900123872715,1.30653030666712,334.236350125219,0.00134061886875,114046440,117,4651977728.0,279964800.0,365782496.0,1094382.75,0.34295688
445,1,633276443,False,0.586938738822937,7500,4250,5510,0.0136988065053453,0.144762918353081,120.178192138672,830.172546386719,0.010583788075,114046440,609,24881260544.0,59682600.0,7172547072.0,8639827.0,0.073111185
446,1,633276408,False,0.11144845187664,8340,6370,2380,8.2589112852342e-06,9.62734975473722e-06,0.00515329465270042,535.276550292969,6.3808892211914e-06,114046440,655,119834845184.0,541051200.0,2788196.25,5208.88916015625,0.66278772
447,3,633277406,False,0.787251114845276,2890,2570,7250,0.0477117793454325,0.00739219880983142,5.45095333215403,737.392685503048,0.0368624347731445,114046440,767,1539400466432.0,4070748672.0,22189461038.0,30091783.4882812,4.9866671232
448,3,633277369,False,0.974980413913727,7080,4930,7390,0.0895848045639988,0.0221488910710296,30.8291410523312,1391.90449551017,0.0692138096757324,114046440,709,738609039823.0,2550966048.0,78644092113.5,56501069.1230469,3.1249334088
449,2,633275160,False,0.475535184144974,7610,7020,5720,0.0012000954678799,0.0135037368163466,6.61788415908813,490.077972412109,0.0009272016578125,114046440,126,8464384512.0,56051100.0,370939680.0,756899.3125,0.0686625975
450,3,633277465,False,0.520318150520325,4130,5520,6910,0.00090123308999053,0.000128518801848231,0.0564143388402672,438.957864755752,0.000696298617468262,114046440,840,355297395712.0,4422753920.0,249506738.25,568407.034667969,5.417873552
451,1,633276748,False,0.501030206680298,10500,3710,5070,0.000533726553605812,0.000778205052483827,0.436151683330536,560.458557128906,0.0004123606484375,114046440,145,24720691200.0,432560704.0,188662080.0,336620.9375,0.5298868624
452,2,633275450,False,0.503990232944489,7990,3780,10560,0.000583943901897118,0.000263815102226749,0.16710243489089,633.407388282363,0.000451158902270508,114046440,541,414459289600.0,1396026908.0,233279495.5,368292.981445312,1.7101329623
453,1,633276769,False,0.446089655160904,7040,5680,5620,0.00174834399846308,0.011951063759625,6.86707448959351,574.599426269531,0.00135078208125,114046440,118,13167197184.0,92266200.0,633598848.0,1102679.25,0.113026095
454,3,633277752,False,0.203931838274002,3470,3330,6720,1.44568666890388e-05,0.00273221113206556,1.09034410162337,399.070221487262,1.11694703626633e-05,114046440,527696977,495193744.0,3337200.0,3638696.3359375,9117.9349899292,0.00408807
455,1,633276174,False,0.525776922702789,2680,2620,4770,5.54370363446298e-05,3.22345080320078e-05,0.0564891376850936,1752.44299149848,4.28310191802978e-05,114046440,972,341490563072.0,1084679104.0,61272587.25,34964.0972900391,1.3287319024
456,2,633275733,False,0.446611076593399,3000,3040,6470,0.000288728393151387,0.00216734013520181,1.09462809562683,505.055969238281,0.00022307345703125,114046440,910,17972508672.0,84020400.0,91971088.0,182100.78125,0.10292499
457,1,633276112,False,0.642470359802246,9540,4280,4610,0.0115349693068177,0.0181144364178181,9.48435974121094,523.580139160156,0.0089119932125,114046440,1052,65624109056.0,401618688.0,3809096192.0,7275096.5,0.4919828928
458,3,633277259,False,0.999989151954651,6540,3260,6410,0.0376806672819697,0.0731590722916713,103.28351284192,1411.76630056417,0.029112331565625,114046440,575,119304704000.0,324842400.0,33550864192.0,23765168.625,0.39793194
459,2,633275339,False,0.999940752983093,7070,5560,7040,0.000612187186682426,0.593071699142456,1655.16394042969,2790.83276367188,0.00047297985,114046440,356,1433673728.0,651027.5,1077557248.0,386106.0,0.0007975086875
460,2,633275754,False,0.446537882089615,3560,2200,5730,0.00862995158620307,0.0199641194194555,12.7139291763306,636.838928222656,0.0066675574,114046440,935,82754543616.0,272634304.0,3466253312.0,5442904.0,0.3339770224
461,2,633275727,False,0.693920195102692,5480,6630,6830,0.0724382325503987,0.0878937625349415,63.5316337012609,722.823006649698,0.055966255275,114046440,904,159230021632.0,519795008.0,33023426048.0,45686739.0,0.6367488848
462,3,633277292,False,0.464709907770157,7430,2050,5790,0.00181377685425224,0.00124796810063964,0.531266593061692,425.705266656571,0.00140133593632812,114046440,618,118905888512.0,916648192.0,486984562.0,1143947.703125,1.1228940352
463,1,633276833,False,0.544322490692139,9080,2620,3950,0.00810178780676491,0.0054335524328053,4.58754539489746,844.299499511719,0.0062594945875,114046440,17,380439560192.0,940414528.0,4314194432.0,5109791.5,1.1520077968
464,2,633275378,False,0.701996147632599,7900,4350,6790,0.0164342513275277,0.170722126960754,205.966201782227,1206.44104003906,0.01269721075,114046440,422,35291693056.0,60713100.0,12504846336.0,10365070.0,0.0743735475
465,2,633275542,False,0.746926069259644,9820,3530,7550,0.00486339685044744,0.00816199742257595,3.38695788383484,414.966796875,0.00375749241875,114046440,658,35259310080.0,375807616.0,1272844544.0,3067340.75,0.4603643296
466,2,633275632,False,0.676812589168549,4220,4780,8750,0.000712682737720351,0.00127776968292892,0.941673517227173,736.966491699219,0.00055062337421875,114046440,783,102064709632.0,351775808.0,331257952.0,449488.46875,0.4309253648
467,2,633275414,False,0.676593780517578,8340,4170,7880,0.00602425437136932,0.0120645703224973,7.42101179373943,615.107840177382,0.00465437858046875,114046440,475,73501913088.0,314929800.0,2337097760.0,3799492.71875,0.385789005
468,2,633275551,False,0.96804803609848,6150,750,6940,0.00592363871554309,0.0196260344237089,20.0030136108398,1019.20812988281,0.0045766422625,114046440,670,65645283904.0,190361152.0,3807796736.0,3736034.5,0.2331924112
469,2,633275530,False,0.0,0,0,0,0.0,0.0,0.0,0.0,0.0,114046440,643,23809288192.0,66125700.0,0.0,0.0,0.0810039825
470,3,633277003,False,0.129523932933807,9840,2830,10050,3.67043869510266e-05,2.00573207404444e-05,0.0107626979922901,536.59699276722,2.83580509558171e-05,114046440,312782628,353910715392.0,1154163592.0,12421914.1743927,23149.4293516874,1.4138504002
471,1,633276615,False,0.117217391729355,6610,1900,3230,4.70797012772463e-05,1.04941234761582e-05,0.00378529017018728,360.705701508768,3.6374087097168e-05,114046440,329,1026752710656.0,2829500948.0,10710482.125,29693.1323242188,3.4661386613
472,1,633276677,False,0.666468799114227,5990,4320,5230,0.00681811694628422,0.00442660835404305,2.92833900260513,661.531079416711,0.00526772203125,114046440,239,318077239296.0,971439284.0,2844703544.0,4300181.25,1.1900131229
473,3,633277166,False,0.391892850399017,6420,2140,6330,0.000393445362415279,0.00057932352317705,0.636049608342022,1097.9178004958,0.000303978476757812,114046440,423,175629369344.0,428336992.0,272443576.0,248145.6953125,0.5247128152
474,2,633275642,False,1.0,7040,5040,7300,0.235231685796295,0.21984076499939,484.395233154297,2203.39135742188,0.1817415488,114046440,797,628075905024.0,674854144.0,326896123904.0,148360448.0,0.8266963264
475,2,633275650,False,0.0499220080673695,8090,330,7210,5.37497592036891e-07,3.95138658859651e-06,0.00214885664172471,543.823425292969,4.15274177551269e-07,114046440,805,22204135424.0,85792496.0,184355.78125,338.999328613281,0.1050958076
476,3,633277294,False,0.731640875339508,3270,4230,6270,0.000246625295588688,0.000366832210830165,0.384942196136735,1049.36857988993,0.000190544326721191,114046440,620,134732132352.0,424025984.0,163225493.5,155546.389160156,0.5194318304
477,3,633276864,False,0.994253814220428,6500,5940,6510,0.0332677696189436,0.13011776093681,276.691572727679,2126.47044289403,0.025702897784375,114046440,576073704,109701328896.0,161253600.0,44617512192.0,20981957.375,0.19753566
478,1,633276188,False,1.0,7300,3070,5140,0.0568083451876979,0.119775002825473,272.349376459605,2273.84153650533,0.04389050141875,114046440,958,156735062016.0,299135712.0,81469424640.0,35828980.75,0.3664412472
479,1,633276251,False,0.0749206393957138,7290,4550,1650,6.67908160898698e-06,5.46716797945269e-06,0.00179063974317655,327.52601528,5.16030241448879e-06,114046440,895,182831105024.0,770507104.0,1379700.64282227,4212.49176692963,0.9438712024
480,2,633275564,True,1.0,6100,1360,7040,0.055908537237819,0.90144082755882,3834.48489397676,4253.72889351026,0.0431953038739126,114046440,688,154924862561.875,39116791.1105423,149992744614.219,35261472.5501328,0.0479180691104143
481,3,633277114,False,0.54508364200592,5170,2370,8780,0.00197180614999985,0.000222525095051273,0.150952309971939,678.360838076073,0.00152343041041107,114046440,345,2039802501120.0,5588658040.0,843620840.78125,1243616.66156006,6.846106099
482,3,633277464,False,0.677187919616699,12190,5290,6160,0.0289709215229737,0.116549105737746,96.0276714226754,823.924566514932,0.0223831246625,114046440,839,63823081472.0,156774592.0,15054699008.0,18271938.5,0.1920488752
483,2,633275307,False,0.576525211334229,7920,3460,7470,0.00228599526340603,0.0177119243890047,11.0926332473755,626.280456542969,0.0017661749875,114046440,325,17504440320.0,81401400.0,902955840.0,1441775.5,0.099716715
484,2,633276714,False,0.0338989719748497,9500,3060,9510,1.61072733187711e-06,6.89824955770746e-05,0.0425213500857353,616.407836914062,1.24445853881836e-06,114046440,312782652,3992202752.0,14726700.0,626199.1875,1015.88452148438,0.0180402075
485,2,633275940,False,0.190627261996269,2030,3670,7200,1.49775275893542e-05,7.57034576963633e-05,0.0353286638855934,466.671691894531,1.15717364013672e-05,114046440,204,26905812992.0,124780496.0,4408328.0,9446.3154296875,0.1528561076
486,3,633276969,False,0.305517941713333,2320,2080,6130,0.00195384935625055,0.0026138292031147,1.41416503778619,541.031922093852,0.00150955687336426,114046440,171,126877507584.0,471450592.0,666708944.25,1232291.32519531,0.5775269752
487,2,633275695,False,0.370615214109421,5940,4440,9640,0.000195336874354978,0.00051196274580434,0.352150946855545,687.844848632812,0.000150918554882812,114046440,857,69455708160.0,240640192.0,84741672.0,123198.8203125,0.2947842352
488,1,633276352,False,0.331476211547852,6370,6080,4800,0.000633480071100184,0.00319432586932571,1.44567834257338,452.576976086209,0.00048943087265625,114046440,737,15365430528.0,125076596.0,180820526.0,399535.40625,0.1532188301
489,1,633276664,False,0.0,0,0,0,0.0,0.0,0.0,0.0,0.0,114046440,257,22140231680.0,68388304.0,0.0,0.0,0.0837756724
490,3,633276852,True,0.061180267482996,6300,1310,6840,2.53691617020089e-07,0.449550032569553,1730.34762949645,3849.06574159515,1.96003813171387e-07,114046440,9,848048.125,355.918365478516,615862.5,160.003112792969,4.35999997711182e-07
491,3,633277739,False,0.746926069259644,9820,3530,7550,0.0118789118650195,0.00501103855003837,1.546939329813,308.706331904224,0.00917772549688263,114046440,933,117137262656.0,1495103408.0,2312834263.97266,7492020.81378174,1.8315016748
492,1,633276530,False,0.574101269245148,10550,3930,4890,0.000538877780590456,0.0796358361840248,48.9209480285645,614.308227539062,0.0004163405203125,114046440,460,888380800.0,4267800.0,208784816.0,339869.8125,0.005228055
493,1,633276237,False,0.0186355784535408,3470,3380,4760,7.82171537072303e-07,5.87137174079544e-06,0.00278296577744186,473.989044189453,6.04310877990723e-07,114046440,910,19560523776.0,84020400.0,233825.90625,493.315002441406,0.10292499
494,2,633275080,True,0.061180267482996,6300,1310,6840,2.53691617020089e-07,0.449550032615662,1730.34765625,3849.06567382812,1.96003813171387e-07,114046440,9,848048.125,355.918365478516,615862.5,160.003112792969,4.35999997711182e-07
495,2,633275894,True,0.0121374363079667,6200,880,6970,1.27136904067495e-07,0.986193418502808,4164.55322265625,4222.8564453125,9.82268089294433e-08,114046440,1086,340507.9375,81.307731628418,338610.375,80.1851501464844,9.9601971244812e-08
496,3,633276875,False,0.684706509113312,4060,2030,6190,0.0258220955768664,0.00577885613476185,3.7574357824841,650.204070643289,0.0199503210101776,114046440,39,986741345664.0,2818200688.0,10589208107.3125,16285976.3348389,3.4522958428
497,3,633277235,False,0.746667683124542,6530,5940,8440,0.061327895750025,0.0326326322010721,31.3413868074955,960.430853826919,0.047382335932016,114046440,536,415460544512.0,1185299968.0,37148944780.0,38679457.9036865,1.4519924608
498,2,633275703,False,0.067298635840416,9940,2020,8990,2.04115953272428e-06,7.80827322159894e-05,0.0677135065197945,867.202087402344,1.57701329040527e-06,114046440,869,5632468992.0,16487100.0,1116399.375,1287.35778808594,0.0201966975
499,2,633275214,False,0.237842425704002,6190,1520,8870,0.000178696105717763,0.000165201592608355,0.118383876979351,716.602478027344,0.0001380617875,114046440,201,262409355264.0,682217984.0,80763608.0,112703.5,0.8357170304
500,1,633276014,False,0.569447755813599,5360,6690,4110,0.000609082448175974,0.00234344811178744,1.34989261627197,576.028381347656,0.00047058110859375,114046440,298,32054919168.0,163924192.0,221280064.0,384147.84375,0.2008071352
501,1,633276311,False,0.000616916571743786,4740,4350,1420,1.73195974651173e-09,1.13102061050085e-09,2.34347453442751e-07,207.199981689453,1.33812350034714e-09,114046440,806,312186830848.0,965805312.0,226.334014892578,1.09234571456909,1.1831115072
502,2,633275953,False,0.403521299362183,3230,3120,7060,0.000928414274699155,0.0115950759500265,7.03356695175171,606.599487304688,0.0007172989796875,114046440,526157196,14453909504.0,50499900.0,355194432.0,585550.1875,0.0618623775
503,2,633275118,False,1.0,6530,5580,6220,0.0255979089543901,0.376662194728851,947.174499511719,2514.65234375,0.01977711295,114046440,63,64840007680.0,42862232.0,40598011904.0,16144582.0,0.0525062342
504,2,633275158,False,0.492186784744263,10030,4740,7660,0.0039975788725552,0.0319784805178642,20.54762840271,642.545471191406,0.00308855575,114046440,123,21091065856.0,78842704.0,1620030592.0,2521270.0,0.0965823124
505,1,633275236,False,0.0,0,0,0,0.0,0.0,0.0,0.0,0.0,114046440,312782620,21052682240.0,68142600.0,0.0,0.0,0.083474685
506,2,633275179,False,0.850746393203735,7040,3480,5980,0.0449105781612003,0.141612738370895,147.49284362793,1041.52233886719,0.0346982083,114046440,149,90842488832.0,200017792.0,29501192192.0,28325068.0,0.2450217952
507,3,633277140,False,0.321298509836197,9780,2420,8980,4.22203819756907e-05,0.000275808400101609,0.164467438521916,596.310476625532,3.26197450195312e-05,114046440,377,30650211328.0,96546600.0,15878772.0,26628.36328125,0.118269585
508,3,633277555,False,0.0262936782091856,1900,3800,5810,1.43065840712336e-06,7.46628260638529e-05,0.00831226352791017,111.330684439957,1.10533610229492e-06,114046440,949,725758624.0,12085200.0,100455.3671875,902.315185546875,0.01480437
509,3,633276883,False,0.999989151954651,6540,3260,6410,0.180285680798441,0.0789156751200855,86.6895727405139,1098.50891611329,0.139289903670312,114046440,51,532073235456.0,1440854984.0,124907102944.0,113706043.8125,1.7650473554
510,1,633276333,False,0.192947342991829,4340,3210,5280,6.45884061575634e-05,9.02929823496379e-05,0.0538801737129688,596.726013183594,4.9901427734375e-05,114046440,772,176806985728.0,451152000.0,24308148.0,40735.859375,0.5526612
511,3,633277591,True,1.0,6140,1770,6920,0.0124449608735537,0.866981947393755,3506.72122196759,4044.74537504407,0.00961505868675232,114046440,985,33278015709.0,9053276.74121094,31747317676.75,7849027.49938965,0.0110902640079834
512,3,633277599,False,1.0,7050,3080,6370,0.179229065566703,0.0178475165316186,28.0248200224703,1570.23639523301,0.138473555787366,114046440,991,1066537683942.91,6333633992.0,177498952714.0,113039637.377441,7.7587016402
513,1,633276151,False,0.611311495304108,8400,4850,5670,0.0143722534881791,0.016393826392462,6.95935603129285,424.510780136895,0.0111040976467339,114046440,1000,41157398404.0469,552925796.0,3848007473.25,9064569.50753784,0.6773341001
514,2,633275460,False,0.599749267101288,7540,6300,5880,0.00780537345038505,0.0762302556497044,54.1177214742964,709.924438965282,0.0060304829046875,114046440,557,17986183936.0,64578600.0,3494846688.0,4922843.1875,0.079108785
515,2,633275104,False,0.620221614837646,8430,2890,6060,0.0223813394129263,0.0949724912643433,83.0643768310547,874.615051269531,0.01729197015,114046440,42,62579249152.0,148631392.0,12345973760.0,14115894.0,0.1820734552
516,2,633275497,False,0.272601127624512,11140,5820,8470,0.000205964629158097,0.000177176528629576,0.123624786179842,697.749228614276,0.000159129628198242,114046440,607,122414215168.0,733176896.0,90638837.0,129901.737304688,0.8981416976
517,1,633276817,False,0.211632877588272,4620,4790,1550,0.000125945007501086,0.000899476697668433,0.22809724509716,253.588821411133,9.7305941796875e-05,114046440,36,19348527104.0,88310704.0,20143428.0,79433.421875,0.1081806124
518,3,633277414,False,0.999210894107819,6100,1910,6910,0.0829696055145754,0.0074541771914016,5.39709898127128,724.036851109045,0.0641028633472534,114046440,776,967490289984.0,7020073000.0,37888028836.75,52328868.0385742,8.599589425
519,2,633275072,False,0.599365174770355,7660,6550,6740,0.00686225010478088,0.0892173945903778,65.2236785888672,731.064636230469,0.0053018196,114046440,1,14763722752.0,48510900.0,3164059392.0,4328016.0,0.0594258525
520,1,633276075,False,0.0565554387867451,4360,4590,2070,5.77264554848212e-06,5.35953131475253e-06,0.0030757540371269,573.884887695312,4.45998394775391e-06,114046440,1101,221252304896.0,679313728.0,2089401.875,3640.80322265625,0.8321593168
521,3,633276906,False,0.362627804279327,11860,3740,4010,2.18195509905511e-05,1.778241748229e-05,0.00861890384708978,484.686846188016,1.6857928717041e-05,114046440,91,197400387584.0,773886592.0,6670054.125,13761.5744628906,0.9480110752
522,1,633276252,False,0.263475984334946,6710,590,4470,6.81512141041809e-05,4.05236286710121e-05,0.0253164087643325,624.732029055487,5.26540766052246e-05,114046440,894,324242803200.0,1060687828.0,26852806.625,42982.9196777344,1.2993425893
523,3,633277323,False,0.551046252250671,2990,1640,7150,0.0373055008617314,0.0112663948082905,7.62820949987123,677.076352255821,0.0288224755199097,114046440,656,595840598016.0,2088383360.0,15930625786.125,23528551.4448242,2.558269616
524,1,633276795,False,0.672587037086487,7620,2920,5580,0.00259669574549102,0.000610702412658222,0.407834567966492,667.812275689723,0.00200622422506714,114046440,73,108259686788.0,2681721944.0,1093698910.4375,1637734.0612793,3.2851093814
525,1,633276432,False,0.0792753621935844,2580,3120,5160,1.0441359969323e-05,3.10611067106947e-05,0.021263251081109,684.561950683594,8.0670634399414e-06,114046440,620,67935952896.0,212012992.0,4508085.5,6585.35791015625,0.2597159152
526,2,633275308,False,0.742097318172455,10350,3900,6580,0.0206775352644213,0.0338412299752235,14.3475112915039,423.965423583984,0.01597559985,114046440,326,30916579328.0,385367392.0,5529062912.0,13041306.0,0.4720750552
527,2,633276735,False,0.39302122592926,8940,6180,8330,9.35270268751633e-05,0.00031111462158151,0.225019708275795,723.269470214844,7.22595965820312e-05,114046440,589508447,48928296960.0,189600304.0,42663804.0,58987.42578125,0.2322603724
528,1,633276238,False,0.0844016522169113,8140,4720,1490,1.03087506042587e-05,1.26773813717936e-06,0.00059001742589542,465.409542074812,7.96460857162476e-06,114046440,909,1200640884736.0,5128599584.0,3025963.125,6501.72128295898,6.2825344904
529,3,633277646,False,0.245316445827484,10660,5670,9100,2.06175472970344e-05,1.08043584022817e-05,0.0064072882264721,593.028108463988,1.59292527515411e-05,114046440,1049,290281914368.0,1203539456.0,7711424.18652344,13003.4716339111,1.4743358336
530,3,633277514,False,0.0,0,0,0,0.0,0.0,0.0,0.0,0.0,114046440,905,62360825856.0,179382592.0,0.0,0.0,0.2197436752
531,1,633276273,False,0.0,0,0,0,0.0,0.0,0.0,0.0,0.0,114046440,857,65491587072.0,240640192.0,0.0,0.0,0.2947842352
532,3,633277046,False,0.489322870969772,6300,6720,7820,0.00137170700919413,0.00642631192722115,4.7456679792559,738.474576553586,0.00105978986422195,114046440,268,41092472832.0,134623808.0,638879894.871094,865134.58303833,0.1649141648
533,1,633276840,False,0.408050715923309,9630,6040,3780,0.000134325301762826,0.000170209052157588,0.117416247725487,689.835510253906,0.000103780612304687,114046440,7,103100891136.0,497734208.0,58442084.0,84718.8671875,0.6097244048
534,3,633277004,False,0.372512966394424,11620,6580,5700,0.000727698660504057,0.012752049123392,4.08617309883026,320.432666098715,0.000562224775,114046440,222,3531489792.0,35991000.0,147065456.0,458959.0,0.044088975
535,3,633277395,False,0.127382233738899,10240,1910,9050,4.01931395783429e-06,1.45345086360716e-05,0.00689280714097043,474.237369391623,3.10534841995239e-06,114046440,750,39377059840.0,174411008.0,1202181.44140625,2534.97830200195,0.2136534848
536,2,633275672,False,0.519321441650391,8000,3220,5970,0.00495816983443724,0.0331888236105442,22.5721111297607,680.111755371094,0.00383071465,114046440,832,10359841536.0,94221896.0,2126787072.0,3127114.0,0.1154218226
537,1,633276113,False,0.160001695156097,9000,4130,5560,3.72019686939668e-07,0.130351409316063,25.3429164886475,194.419967651367,2.87424858856201e-07,114046440,1051,129284.046875,1800.0,45617.25,234.632537841797,2.205e-06
538,1,633276644,False,0.140395298600197,2510,3650,5320,2.02193007761713e-05,5.41516783414409e-05,0.0302525442093611,558.6630859375,1.56215648681641e-05,114046440,288,72531099648.0,235492192.0,7124238.0,12752.2978515625,0.2884779352
539,1,633276739,False,0.0663715600967407,7260,3020,1720,2.71950198766014e-06,2.0654439140344e-05,0.0134083060547709,649.173156738281,2.1011051361084e-06,114046440,156,26900013056.0,83042096.0,1113453.875,1715.18786621094,0.1017265676
540,3,633277305,False,0.470522314310074,6550,2920,6350,4.03674519142553e-05,1.76303360032589e-05,0.0118070892669042,669.703020108163,3.11881590576172e-05,114046440,632,259563659264.0,1444086016.0,17050452.5,25459.7216796875,1.7690053696
541,2,633275859,False,0.619070887565613,9140,4490,6160,0.012396969696538,0.034503273665905,15.1847257614136,440.09521484375,0.0095779803875,114046440,1043,22413260800.0,226609200.0,3440998656.0,7818759.5,0.27759627
542,3,633276879,True,0.635678708553314,6800,5330,6370,1.93865011603954e-05,0.936552946859629,3162.61323960599,3376.86539795812,1.49781384033203e-05,114046440,46,42459456.0,13055.376953125,41289108.0,12227.0517578125,1.59928367675781e-05
543,2,633276046,False,0.46476024389267,6950,5160,8430,0.00117107529705156,0.0467241257429123,33.1642379760742,709.788269042969,0.0009047804828125,114046440,484682528,4264374528.0,15807600.0,524247008.0,738596.3125,0.01936431
544,3,633277521,False,0.115603052079678,11500,3810,5800,1.85992107737515e-05,0.00010716198664764,0.0691436456517688,645.225492871091,1.4369872668457e-05,114046440,912,27902575616.0,109465200.0,7568823.0,11730.5083007812,0.13409487
545,2,633275890,True,1.0,6230,5430,6840,0.000843363238201862,0.884396509691169,3017.91468512691,3412.40004009148,0.0006515879890625,114046440,1083,1919262336.0,601436.75,1815084800.0,531908.5625,0.00073676001875
546,3,633276943,False,0.307371586561203,8720,5400,9830,0.000317144769858353,0.000155551365858836,0.105001091471916,675.025197574966,0.00024502813671875,114046440,139,343071719424.0,1285896576.0,135020544.0,200022.96875,1.5752233056
547,2,633275107,False,0.999814867973328,6740,5330,6340,0.0164588159278185,0.0885970245355386,87.3328685570369,985.731394647518,0.012716189521875,114046440,46,37663781824.0,117166044.0,10232446720.0,10380562.875,0.1435284039
548,2,633275207,False,0.639790892601013,10820,7120,5850,0.00827489487777962,0.0206832364201546,2.31782603263855,112.063026428223,0.00639323825,114046440,190,2989458944.0,252328496.0,584853568.0,5218970.0,0.3091024076
549,1,633276209,False,0.188576892018318,4990,5520,2630,3.38829038253078e-05,1.70057827273762e-05,0.00920181882737906,541.099399827438,2.61781545211792e-05,114046440,942,317878132736.0,1256626784.0,11563252.0,21369.9220581055,1.5393678104
550,1,633276832,False,0.35578379034996,5560,2450,5550,0.000134107388867223,0.00149541511200368,0.887694299221039,593.610595703125,0.000103612251367187,114046440,19,11249135616.0,56560500.0,50208432.0,84581.4296875,0.0692866125
551,1,633276292,False,0.288321137428284,8740,1390,5250,2.63611274911997e-05,0.000102276426332537,0.111813753843307,1093.25048828125,2.03667806152344e-05,114046440,834,49185546240.0,162558896.0,18176320.0,16625.943359375,0.1991346476
552,2,633275627,True,0.679817378520966,6130,1870,6860,0.000314139325904604,0.699455270054813,2806.80611647354,4012.84576246538,0.0002427061109375,114046440,776,899453632.0,283259.625,795054848.0,198127.4375,0.000346993040625
553,3,633277326,False,0.68136602640152,10960,6840,7420,0.0261598475480085,0.0199937378348275,14.7148856224636,735.97472088643,0.02021127040625,114046440,661,145549619200.0,825208192.0,12142844160.0,16498996.25,1.0108800352
554,1,633276809,False,0.640732944011688,7570,3210,5390,0.00955804686971943,0.078474797308445,54.590991973877,695.650024414062,0.007384609925,114046440,50,21140936704.0,76817696.0,4193554176.0,6028253.0,0.0941016776
555,2,633275266,False,0.489322870969772,6300,6720,7820,0.00137155565648806,0.0128512056544423,9.49074649810791,738.510192871094,0.001059672928125,114046440,268,20628064256.0,67311904.0,638840192.0,865039.125,0.0824570824
556,3,633276869,False,0.464701473712921,6200,6910,5730,0.00241985968038562,0.0333933652672207,15.2361723970436,456.263460574295,0.0018695995171875,114046440,30,6848485376.0,45703800.0,696350976.0,1526203.6875,0.055987155
557,3,633277131,True,1.0,7150,5880,6960,0.0149449424393625,0.803698709633081,2621.10559992333,3261.30373049866,0.0115465609,114046440,364,33663166464.0,11727982.0,30740279296.0,9425764.0,0.01436677795
558,2,633275138,False,0.295462965965271,5960,2520,7660,8.17732200046077e-05,0.000839729036670178,0.400345504283905,476.755584716797,6.31785280273437e-05,114046440,98,4638747648.0,61417800.0,24588340.0,51574.30859375,0.075236805
559,3,633277104,False,0.0166820455342531,5910,3290,5510,1.59231979591508e-07,5.38646940820702e-06,0.00132423444254709,245.844604729294,1.23023675537109e-07,114046440,338,1725521216.0,18644400.0,24689.556640625,100.427490234375,0.02283939
560,3,633276848,False,0.961410641670227,6830,5030,7580,0.0520888328083475,0.017408077442981,8.06370508976756,463.216292332092,0.0402441750894531,114046440,6,119581097216.0,1887192192.0,15217761284.0,32852387.828125,2.3118104352
561,3,633277496,False,0.499572098255157,10320,4130,5770,0.00168300454099321,0.0113695681382189,7.75567423516987,682.143256532242,0.00130030038632812,114046440,880,21940553728.0,93360600.0,724074400.0,1061469.703125,0.114366735
562,1,633276451,False,0.600391387939453,7280,4530,5560,0.0192228339962457,0.107953034341335,94.3954162597656,874.411865234375,0.014851688075,114046440,599,43396960256.0,112306496.0,10601218048.0,12123827.0,0.1375754576
563,2,633275967,False,0.651864886283875,7000,5090,5730,0.0104960890494655,0.167805477976799,177.023559570312,1054.93322753906,0.0081093474875,114046440,560581559,22397300736.0,39449700.0,6983526400.0,6619875.5,0.0483258825
564,1,633276239,False,0.269965708255768,5270,5420,4960,0.000309188694726656,0.0020435384940356,0.936976075172424,458.506652832031,0.000238881220703125,114046440,908,11927633920.0,95425200.0,89411128.0,195005.078125,0.11689587
565,1,633276481,False,0.0679142475128174,3720,3660,5580,1.62108425632839e-06,1.61187672347296e-05,0.00696199247613549,431.918395996094,1.25246036682129e-06,114046440,556,16838469632.0,63430200.0,441600.5625,1022.41662597656,0.077701995
566,2,633275543,False,0.68136602640152,10960,6840,7420,0.0226989107430662,0.0346971489489079,26.0778312683105,751.584289550781,0.01753732785,114046440,661,80787931136.0,412604096.0,10759820288.0,14316186.0,0.5054400176
567,3,633276942,False,0.915192723274231,6650,3140,6510,0.126189059062143,0.0287541276508125,25.7192109941896,894.452834964128,0.0974944976393555,114046440,138,765597521920.0,2767858096.0,71187126373.0,79587345.0117188,3.3906261676
568,2,633275720,False,0.970981121063232,6190,4550,7240,0.0234644126829766,0.0138831198077871,18.3726939615693,1323.38366418649,0.0181287596875,114046440,896,156739135488.0,1065969876.0,19584738304.0,14798987.5,1.3058130981
569,1,633276055,False,1.0,7300,3070,5140,0.609832403763467,0.0240920621945274,21.9080422682152,909.34690817757,0.471160529217042,114046440,1129,4194254120544.0,15964629224.0,349753771835.775,384620840.177177,19.5566707994
570,3,633277504,False,0.479729622602463,6440,1210,6730,0.00128269553823483,0.000381354010875966,0.246020576859585,645.123873994344,0.000991019015863037,114046440,894,638158335744.0,2121375656.0,521902062.625,808995.114990234,2.5986851786
571,2,633276003,False,0.285329729318619,8580,5040,5710,0.000142798486475005,0.0024911598302424,1.86928486824036,750.367309570312,0.000110327050585937,114046440,607344834,13050220544.0,36153000.0,67580256.0,90062.8984375,0.044287425
572,1,633276219,False,0.507727146148682,8780,6450,5450,0.00134594241851593,0.00195473665371537,0.982981443405151,502.871520996094,0.001039883971875,114046440,931,68771913728.0,434270688.0,426880032.0,848884.875,0.5319815928
573,3,633277260,False,0.503079473972321,10560,6360,6850,0.00037919257140952,0.0472156026816562,34.3534280976072,727.586351681875,0.000292966676611328,114046440,576,1234662592.0,5065200.0,174006984.0,239156.470703125,0.00620487
574,1,633276341,False,0.298027634620667,9770,4470,5290,0.000209134295909286,0.00781009811908007,4.58299016952515,586.803161621094,0.00016157853359375,114046440,757,3640882944.0,16888500.0,77399832.0,131900.84375,0.0206884125
575,2,633275451,False,0.462886959314346,7770,1980,5890,0.0011175819918727,0.00165328779257834,0.958834826946259,579.956420898438,0.000863451203125,114046440,542,107054211072.0,426337216.0,408786976.0,704858.125,0.5222630896
576,1,633276320,False,0.102929353713989,11760,6180,3310,7.22253445586956e-06,6.24181984676397e-06,0.000971941684838384,155.714462280273,5.58017766113281e-06,114046440,794,2488718848.0,729794688.0,709317.875,4555.2470703125,0.8939984928
577,2,633275476,False,0.582984507083893,8990,3180,7710,0.000700909396479834,0.0111726028844714,5.10026597976685,456.49755859375,0.00054152721328125,114046440,580,6360267264.0,39566700.0,201800688.0,442063.03125,0.0484692075
578,1,633276262,False,0.602367281913757,9690,4840,5200,0.00618312898737392,0.0169751591329709,6.58401433533786,387.861715095778,0.00477712615454636,114046440,877,16325274500.0469,229729500.0,1512542321.25,3899694.82003784,0.2814186375
579,3,633277295,False,0.627644538879395,9980,5040,7500,0.00727417474582605,0.0143691582166082,11.220598837753,780.88073557322,0.0056200752890625,114046440,621,74727809024.0,319282208.0,3582537572.0,4587816.5625,0.3911207048
580,2,633275510,False,0.627644538879395,9980,5040,7500,0.00716114692407467,0.0282917730510235,22.1913204193115,784.373596191406,0.00553274925,114046440,621,43923951616.0,159641104.0,3542646784.0,4516530.0,0.1955603524
581,2,633275636,False,0.71702915430069,7190,7060,9330,0.00104815954140471,0.00123282754793763,0.746161460876465,605.243957519531,0.0008098149609375,114046440,788,113217110016.0,536225408.0,400110720.0,661073.4375,0.6568761248
582,1,633276476,False,0.0,0,0,0,0.0,0.0,0.0,0.0,0.0,114046440,565,45250285568.0,129204000.0,0.0,0.0,0.1582749
583,3,633277009,False,0.311610221862793,7480,1420,8270,0.000147073837894892,0.000680626798617898,0.475631073660236,698.813321229883,0.000113630215234375,114046440,312782620,43485947904.0,136285200.0,64821476.0,92759.359375,0.16694937
584,3,633277022,False,0.0,0,0,0,0.0,0.0,0.0,0.0,0.0,114046440,312782608,91278336000.0,248751008.0,0.0,0.0,0.3047199848
585,1,633276474,False,0.709669530391693,7570,3280,1460,0.0620297734506095,0.000319388044224521,0.197515668539517,618.419105258269,0.0479246112634221,114046440,567,36145324251243.7,122490908320.0,24193873646.8375,39122131.6436099,150.051362692
586,3,633277060,False,0.316005229949951,3160,4440,6530,0.000115056889399157,0.00015407367295072,0.103769661288813,673.5067666103,8.88937100830078e-05,114046440,288,144336019456.0,470984384.0,48873890.0,72566.2939453125,0.5769558704
587,3,633277181,True,0.925642430782318,6380,5290,6430,2.40940365802597e-05,0.722387546825121,1851.93142460712,2563.62589962455,1.86152112548828e-05,114046440,444,47176940.0,21035.92578125,38957092.0,15196.0908203125,2.57690090820312e-05
588,1,633276398,False,0.107456095516682,8280,1790,1790,2.17944946928765e-05,2.26801076691334e-06,0.00163686744219183,721.719431878857,1.68385700565308e-05,114046440,669,1972535384064.0,6060717028.0,9920590.37947083,13745.771474719,7.4243783593
589,1,633276107,False,0.580109775066376,7780,5950,5470,0.00165971350234684,0.0171314589679241,14.4900569915771,845.815734863281,0.0012823055765625,114046440,606826651,15805366272.0,61102800.0,885383040.0,1046780.0625,0.07485093
590,1,633276399,False,0.0,0,0,0,0.0,0.0,0.0,0.0,0.0,114046440,667,30415101952.0,104673600.0,0.0,0.0,0.12822516
591,2,633275819,False,1.0,6910,5360,7180,8.86466909983318,0.0249225087463856,31.4775676727295,1263.017578125,6.848901696,114046440,997,70147294423724.4,224332955648.0,7061455765504.0,5590940160.0,274.8078706688
592,1,633276578,False,0.165720611810684,5860,3430,2130,3.29548940906133e-05,5.12167109225513e-06,0.000973628901805601,190.099849105481,2.54611680917621e-05,114046440,378,1366378571776.0,4058172936.0,3951154.45901489,20784.6270136833,4.9712618466
593,2,633275655,False,0.523081600666046,9360,4510,5800,0.0020334672164901,0.0615287981927395,21.9258117675781,356.350402832031,0.00157107015625,114046440,812,2039765504.0,20844000.0,457021632.0,1282506.25,0.0255339
594,1,633275950,False,0.0877387896180153,7670,2050,5130,6.75251887208888e-06,7.12619839760009e-06,0.00622334238141775,873.3046875,5.21704052734375e-06,114046440,484682470,207003713536.0,597627008.0,3719237.5,4258.80859375,0.7320930848
595,2,633275897,False,0.715299129486084,6230,2110,6820,0.00799173138936763,0.00026267726207152,0.20457349717617,778.801696777344,0.006174464275,114046440,1089,5856922230784.0,19188486144.0,3925455616.0,5040379.0,23.5058955264
596,2,633275750,False,0.956691801548004,7370,3440,6210,0.0459487813922211,0.132511302828789,168.079193115234,1268.41418457031,0.03550033095,114046440,930,115223724032.0,218697296.0,36758466560.0,28979862.0,0.2679041876
597,3,633277355,True,1.0,6100,1360,7040,0.055908537237819,0.90144082755882,3834.48489397676,4253.72889351026,0.0431953038739126,114046440,695,154924862561.875,39116791.1105423,149992744614.219,35261472.5501328,0.0479180691104143
598,3,633277594,False,0.717880666255951,10450,4570,6350,0.204419547876989,0.0247210249550129,16.2418355139727,657.004939865131,0.157935888230347,114046440,987,964277007616.0,5215287632.0,84705843877.0,128927255.698242,6.3887273492
599,1,633276038,False,0.218287602066994,12770,5350,5240,8.69883145932606e-05,0.0130926557950912,6.00687762504773,458.797490674114,6.72077444335937e-05,114046440,917,674835520.0,4190400.0,25171220.0,54863.46484375,0.00513324
600,1,633276569,False,0.103796005249023,7530,510,3980,4.71896440435057e-06,8.34498285426044e-06,0.00558778873806922,669.598588236336,3.64590296020508e-06,114046440,394,104060429824.0,356651100.0,1992891.0,2976.24731445312,0.4368975975
601,3,633277385,False,0.122435361146927,7770,2190,10330,2.16993080092808e-06,4.05516284842936e-06,0.00369217278930773,910.486934140705,1.67650281982422e-06,114046440,735,84195323904.0,337489216.0,1246068.5,1368.57373046875,0.4134242896
602,2,633275101,False,0.737819910049438,6410,5610,6050,0.0158819865205708,0.11793091148138,116.421104431152,987.197570800781,0.012270527325,114046440,38,34169823232.0,84937504.0,9888518144.0,10016757.0,0.1040484424
603,2,633275363,False,0.174872502684593,9580,2390,8910,1.28702992360151e-05,0.00204935437068343,1.01095485687256,493.304046630859,9.94367790527344e-06,114046440,393,932461568.0,3960900.0,4004291.0,8117.2880859375,0.0048521025
604,2,633275929,False,0.599749267101288,7540,6300,5880,0.000943123345604173,0.0370200574398041,20.5870971679688,556.106567382812,0.0007286633046875,114046440,1126,3222461184.0,16067700.0,330787296.0,594827.1875,0.0196829325
605,1,633276062,False,0.541170835494995,6390,4480,5660,0.00228132148268378,0.0737202540040016,54.3315048217773,736.99560546875,0.00176256399375,114046440,1120,6761996288.0,19517400.0,1060409728.0,1438827.75,0.023908815
606,1,633276404,False,0.641665577888489,11040,7050,4660,0.00346093680494233,0.00529032619670033,3.35193920135498,633.597839355469,0.00267394255625,114046440,661,64761688064.0,412604096.0,1383023872.0,2182810.25,0.5054400176
607,1,633276794,False,0.0328075923025608,8520,1730,2540,3.47226459927098e-07,2.35052129937685e-06,0.00163810467347503,696.911254882812,2.68269448471069e-07,114046440,74,30067625984.0,93168896.0,152620.40625,218.995468139648,0.1141318976
608,3,633276958,False,0.231496661901474,12820,5140,7390,4.76856786153045e-05,0.000325594093546472,0.10142439260977,311.505628081344,3.68422691772461e-05,114046440,589508451,4700079360.0,92370600.0,9368632.0,30075.3217773438,0.113153985
609,1,633276729,False,0.439274162054062,11430,5030,5540,0.000132334109053505,0.000760018418077379,0.371963769197464,489.414154052734,0.000102242203710937,114046440,169,20763627520.0,109817104.0,40847984.0,83463.0234375,0.1345259524
610,2,633275621,True,1.0,6230,1750,6910,0.00510885922780021,0.643691473934473,2519.92033449384,3914.79526533292,0.0039471382671875,114046440,768,14054352896.0,5005742.375,12614072000.0,3222153.6875,0.006132034409375
611,2,633275798,False,0.670457005500793,11520,6750,6930,0.0192008330187877,0.038026325404644,18.3740253448486,483.192260742188,0.014834689975,114046440,978,40184119296.0,318462304.0,5851434496.0,12109951.0,0.3901163224
612,1,633276712,False,0.479777246713638,12930,6620,5670,0.000278410826987202,0.00579373072832823,1.21352601051331,209.455017089844,0.0002151020375,114046440,198,651303104.0,30307500.0,36778940.0,175593.5,0.0371266875
613,1,633275949,False,0.240656569600105,5850,6870,3280,4.61960536159444e-05,8.43625894049183e-05,0.0492381155490875,583.648742675781,3.56913750976562e-05,114046440,639,88754790400.0,345364192.0,17005082.0,29135.81640625,0.4230711352
614,3,633277342,False,0.159933492541313,3470,3690,6760,6.35290583274404e-06,0.000462302174826209,0.230490207107419,498.570458151243,4.90829686279297e-06,114046440,680,1343406336.0,8667000.0,1997658.625,4006.77294921875,0.010617075
615,3,633277217,False,0.0,0,0,0,0.0,0.0,0.0,0.0,0.0,114046440,506,1361800576.0,10661400.0,0.0,0.0,0.013060215
616,3,633277367,False,0.616383075714111,3210,3620,5780,7.19276196096003e-05,0.000333253230082403,0.32179850881678,965.627576174458,5.5571752355957e-05,114046440,707,30705032192.0,136126800.0,43805401.25,45364.6958007812,0.16675533
617,2,633275349,False,0.760011076927185,5920,1180,8400,0.0540855020532291,0.0201099638574541,15.8215628348709,786.752425166911,0.041786814890625,114046440,369,684181376000.0,1696257928.0,26837451392.0,34111685.625,2.0779159618
618,1,633276815,False,0.0863058567047119,4120,2270,4890,2.08051180049478e-05,9.31216317896746e-06,0.00597779097022206,641.933657662223,1.60741711151123e-05,114046440,39,489535154048.0,1409100344.0,8423307.3125,13121.7723388672,1.7261479214
619,3,633277397,False,0.763345122337341,7790,5740,6180,0.00266806058564652,0.05615098045595,69.7137290861647,1241.54072680627,0.0020613611703125,114046440,753,9183692032.0,29968200.0,2089194976.0,1682743.8125,0.036711045
620,1,633276690,False,0.235657423734665,11470,5110,3950,1.22943256435128e-05,2.30035257118288e-05,0.0142949540168047,621.424499511719,9.4986769165039e-06,114046440,225,53564133376.0,337079712.0,4818539.0,7754.02197265625,0.4129226472
621,2,633275173,False,0.999979794025421,6940,5800,6280,0.138181090287144,0.094830095647079,101.719935455082,1072.65456984927,0.10675961989834,114046440,141,370490116352.0,919019532.0,93482607477.0,87150710.1210938,1.1257989267
622,1,633276629,False,0.0,0,0,0,0.0,0.0,0.0,0.0,0.0,114046440,311,92015771648.0,320056192.0,0.0,0.0,0.3920688352
623,3,633277693,False,0.664342164993286,7450,3490,6730,0.0230314966086408,0.0684731445165192,65.8302377289046,961.402286892534,0.0177942858789062,114046440,560581551,67729823744.0,212140800.0,13965279296.0,14525947.65625,0.25987248
624,3,633277440,False,0.421258598566055,10300,1920,6970,8.87487761379771e-05,5.52055131353502e-05,0.0503244104075273,911.583056644077,6.85678886108398e-05,114046440,811,493790281728.0,1013916608.0,51024755.5,55973.7866210938,1.2420478448
625,2,633275073,False,0.301328808069229,4700,3880,8790,9.1221370448003e-05,0.00111901259515435,0.522095203399658,466.567779541016,7.047823125e-05,114046440,2,9870295040.0,51414300.0,26843160.0,57533.25,0.0629825175
626,1,633276304,False,0.546057820320129,6040,5060,3770,0.000377275332455597,0.000265929051960411,0.176077697030085,662.122832131548,0.000291485405175781,114046440,818,142289676288.0,894777264.0,157550320.0,237947.26953125,1.0961021484
627,2,633275717,False,0.224609375,5690,4320,9410,0.000245750797308497,0.00165564124472439,0.773482382297516,467.179931640625,0.00018986868359375,114046440,893,18058729472.0,93616200.0,72410480.0,154994.84375,0.114679845
628,1,633276373,False,0.0,0,0,0,0.0,0.0,0.0,0.0,0.0,114046440,702,118081511424.0,255314704.0,0.0,0.0,0.3127605124
629,2,633275155,False,0.212441354990005,6140,5420,10150,5.33509099030874e-05,0.000177174035343342,0.122512675821781,691.482116699219,4.12192641601562e-05,114046440,120,33007060992.0,189917104.0,23267252.0,33648.37890625,0.2326484524
630,1,633275240,False,0.0,0,0,0,0.0,0.0,0.0,0.0,0.0,114046440,312782616,41764651008.0,109932304.0,0.0,0.0,0.1346670724
631,3,633276889,False,0.486244708299637,9540,4010,5600,0.00209018838740269,0.0098241145644699,3.81142222639547,387.965979161108,0.00161489330625,114046440,62,5528125952.0,134188200.0,511447888.0,1318280.25,0.164380545
632,1,633276442,False,0.0628592595458031,9590,1600,3820,1.10808369092925e-06,1.2877710560133e-06,0.00108692015055567,844.032165527344,8.56112753295898e-07,114046440,610,193667809280.0,542695488.0,589866.6875,698.867553710938,0.6648019728
633,3,633277451,False,1.0,7050,3080,6370,0.118341567596322,0.101110866890214,200.679419042741,1984.7463009158,0.0914314740787109,114046440,824,314339497766.906,738179192.0,148137371400.0,74637938.0234375,0.9042695102
634,2,633275218,False,0.626204550266266,9800,6140,5730,0.0043224579646657,0.05180923640728,24.8703536987305,480.037048339844,0.003339559475,114046440,206,9473882112.0,52619400.0,1308663040.0,2726171.0,0.064458765
635,1,633276683,False,0.0,0,0,0,0.0,0.0,0.0,0.0,0.0,114046440,233,33739161600.0,91323904.0,0.0,0.0,0.1118717824
636,3,633277576,False,0.22486375272274,7720,1970,5980,0.000213373661415074,0.000109512716169769,0.0506252292226019,462.277176507261,0.000164853895288086,114046440,971,151472971776.0,1228849152.0,62210770.0,134574.608398438,1.5053402112
637,2,633275189,False,0.620218217372894,10390,4130,6400,0.0187296766005497,0.129011049866676,114.869567871094,890.385559082031,0.014470671425,114046440,162,37775597568.0,91564200.0,10517940224.0,11812793.0,0.112166145
638,3,633277524,False,0.43453374505043,12890,5450,6100,0.000430341049228176,0.0323854258953501,17.6473802023673,544.917342121511,0.000332484327246094,114046440,917,1603685056.0,8380800.0,147899164.0,271415.77734375,0.01026648
639,1,633276246,False,0.102929353713989,11760,6180,3310,9.40732879144411e-06,5.54547099485032e-06,0.00073134698812336,131.881852560857,7.2681641456604e-06,114046440,901,3084260432.0,1069917276.0,782480.77734375,5933.19522094727,1.3106486631
640,1,633276509,False,0.0,0,0,0,0.0,0.0,0.0,0.0,0.0,114046440,506,667474688.0,5330700.0,0.0,0.0,0.0065301075
641,3,633277070,False,0.587611496448517,7240,990,7070,0.00302751129973582,0.00147419619615153,0.963732552076793,653.734255041946,0.00233907515801239,114046440,312782546,426763698688.0,1295247616.0,1248272290.53906,1909449.10858154,1.5866783296
642,3,633277087,True,1.0,6100,1360,7040,0.0434635763642653,0.911817717449139,3933.1871013089,4313.56731289693,0.0335802451871603,114046440,322,121646846852.875,30063514.3693314,118245426937.469,27412445.0507431,0.0368278051024309
643,1,633276063,False,0.559879839420319,9310,4940,5340,0.0257744213479451,0.0104344584844515,5.53935193112491,530.871049933175,0.0199134875871094,114046440,1117,241089916800.0,1557906264.0,8629791072.0,16255908.234375,1.9084351734
644,1,633276335,False,0.378496766090393,7250,1950,5640,0.00342887611082299,0.000772289915597556,0.35360325996391,457.863365586369,0.00264917225294189,114046440,768,388870069760.0,2800230264.0,990170550.0,2162589.59423828,3.4302820734
645,3,633277568,False,0.212936922907829,11720,6900,7490,7.50867570822196e-05,0.00092515416457612,0.136498875646486,147.541762090025,5.80125227615356e-05,114046440,963,937247840.0,51188400.0,6987159.04614258,47357.1614379883,0.06270579
646,1,633276632,False,0.0,0,0,0,0.0,0.0,0.0,0.0,0.0,114046440,305,17584582656.0,74012400.0,0.0,0.0,0.09066519
647,3,633276896,False,0.51851624250412,4950,5730,6100,0.00316084319890901,0.0222550591948826,16.186436428994,727.314912409489,0.0024420882609375,114046440,72,29287511040.0,89577000.0,1449932416.0,1993541.4375,0.109731825
648,1,633276074,False,0.0,0,0,0,0.0,0.0,0.0,0.0,0.0,114046440,1102,223020072960.0,743256000.0,0.0,0.0,0.9104886
649,3,633277347,True,1.0,6100,1360,7040,0.055908537237819,0.90144082755882,3834.48489397676,4253.72889351026,0.0431953038739126,114046440,688,154924862561.875,39116791.1105423,149992744614.219,35261472.5501328,0.0479180691104143
650,2,633275594,False,0.470522314310074,6550,2920,6350,0.000562345849561375,0.000119468999708552,0.0832392478648618,696.743490511565,0.000434472104872131,114046440,726,777763856384.0,2968729184.0,247114784.390625,354671.106018066,3.6366932504
651,2,633276029,False,0.203931838274002,3470,3330,6720,1.42676662984212e-05,0.00539290811866522,2.14788889884949,398.2802734375,1.10232928955078e-05,114046440,527696977,251419264.0,1668600.0,3583967.5,8998.6064453125,0.002044035
652,3,633277053,False,0.481402039527893,7310,1310,3730,0.000200271174762477,0.0035656865368906,2.29127100271003,642.589015889236,0.000154730827856445,114046440,312782570,8237793792.0,35424000.0,81165984.0,126310.879882812,0.0433944
653,2,633275425,True,1.0,6140,1770,6920,0.0124449608735537,0.866981947393755,3506.72122196759,4044.74537504407,0.00961505868675232,114046440,500,33278015709.0,9053276.74121094,31747317676.75,7849027.49938965,0.0110902640079834
654,3,633277302,False,0.96959114074707,6780,5010,7360,0.0398918833792336,0.034258471383472,45.4663447892771,1327.15626101205,0.0308207316771484,114046440,629,248751613440.0,734410496.0,33390960828.0,25159780.9609375,0.8996528576
655,1,633276745,False,0.0,0,0,0,0.0,0.0,0.0,0.0,0.0,114046440,148,23066902528.0,65983500.0,0.0,0.0,0.0808297875
656,3,633276856,False,0.672273635864258,5900,4350,5990,0.0247371333956792,0.0753862231151622,70.6763039242972,937.522812574521,0.0191120720875,114046440,15,80986955776.0,206956800.0,14626941696.0,15601691.5,0.25352208
657,2,633275685,False,0.0,0,0,0,0.0,0.0,0.0,0.0,0.0,114046440,846,45876723712.0,150742800.0,0.0,0.0,0.18465993
658,1,633276111,False,0.178468376398087,3490,3430,5100,1.44636742533259e-05,9.88492975011468e-05,0.063953585922718,646.980651855469,1.11747299316406e-05,114046440,1054,21957222400.0,92284200.0,5901905.5,9122.228515625,0.113048145
659,3,633276877,False,0.620221614837646,8430,2890,6060,0.0245182394461124,0.0520200848620189,44.452662812981,854.528840752371,0.01894295318125,114046440,42,106857840640.0,297262784.0,13214122304.0,15463635.25,0.3641469104
660,1,633276682,False,0.0,0,0,0,0.0,0.0,0.0,0.0,0.0,114046440,234,43240804352.0,140768096.0,0.0,0.0,0.1724409176
661,2,633275275,False,0.625945031642914,10580,4370,6490,0.00208330733435818,0.187579825520515,212.79899597168,1134.44506835938,0.001609576959375,114046440,280,4413362176.0,7004700.0,1490593152.0,1313940.375,0.0085807575
662,3,633277368,True,0.0832084715366364,6840,4950,7440,1.2839357945991e-06,0.0960840967014733,232.51843595616,2419.94714982417,9.9197724609375e-07,114046440,709,6466097.0,8427.7978515625,1959618.375,809.77734375,1.03240523681641e-05
663,2,633275833,False,0.0087930615991354,6990,3840,10430,3.54274265145572e-08,2.73829215302612e-07,0.000149765008245595,546.928527832031,2.73714629173279e-08,114046440,1010,31366516736.0,81598496.0,12220.599609375,22.344051361084,0.0999581576
664,1,633276400,False,0.202103838324547,5290,7110,2980,7.37738273765534e-05,0.000114349728391971,0.020180145278573,176.477432250977,5.69981446289062e-05,114046440,665,23524845568.0,406901696.0,8211335.5,46529.09765625,0.4984545776
665,1,633276655,False,0.294510304927826,9200,3900,3860,0.000108848308898635,0.00155368947889656,1.34527933597565,865.861145019531,8.4096919921875e-05,114046440,271,13325170688.0,44185500.0,59441840.0,68650.546875,0.0541272375
666,3,633276981,True,1.0,6790,5560,6940,0.395323279165564,0.859234072295258,3313.60454590167,3856.46316032381,0.3054293676,114046440,194,1015333715968.0,290177152.0,961532329984.0,249330096.0,0.3554670112
667,3,633277681,True,0.99839049577713,6110,960,6970,0.000663474260050802,0.922868440963172,4610.83120833201,4996.19556122193,0.00051260458046875,114046440,1094,2135169536.0,453426.1875,2090671616.0,418452.71875,0.0005554470796875
668,2,633275602,True,0.954836845397949,6720,6250,6700,0.000622961240228873,0.241254567547199,607.050686716095,2516.22463726964,0.0004813039546875,114046440,737,1732484096.0,1628575.125,988627648.0,392901.1875,0.001995004528125
669,3,633277563,False,1.0,7300,3070,5140,0.217369254953992,0.229151219246601,790.275083491201,3448.70555823117,0.16794091715625,114046440,958,633846247424.0,598271424.0,472798999552.0,137094626.25,0.7328824944
670,2,633275918,False,0.62572318315506,5190,5990,6340,0.00911881374927191,0.132207602262497,148.967193603516,1126.76721191406,0.007045255525,114046440,1109,24648984576.0,43501500.0,6480296448.0,5751229.0,0.0532893375
671,2,633275190,False,0.212159723043442,6190,5220,10130,0.000279026438349507,0.000486621662275866,0.287076503038406,589.937805175781,0.000215577662890625,114046440,163,101832433664.0,361639808.0,103818296.0,175981.765625,0.4430087648
672,3,633277126,False,0.54873788356781,10560,4640,6510,0.00445554417793034,0.0661345132358063,56.5894990915681,855.672724010155,0.003442382759375,114046440,358,14858068992.0,42490800.0,2404533088.0,2810108.375,0.05205123
673,3,633277057,False,0.587611496448517,7240,990,7070,0.000420500156684458,0.00131920816028224,1.011892769301,767.045565488701,0.000324881188891602,114046440,312782566,66841262080.0,201036608.0,203427490.0,265209.133789062,0.2462698448
674,1,633275227,False,0.000777469424065202,9490,2950,930,1.79636327015578e-09,1.00851611506414e-08,5.06159835822473e-07,50.1885719299316,1.38788208663464e-09,114046440,312782632,25532700672.0,112339800.0,56.8618927001953,1.13296496868134,0.137616255
675,1,633276182,False,0.0,0,0,0,0.0,0.0,0.0,0.0,0.0,114046440,964,10565480448.0,42002100.0,0.0,0.0,0.0514525725
676,3,633277508,False,0.717880666255951,10450,4570,6350,0.0425317740036593,0.0550500093777742,44.3478576317285,805.592190319107,0.03286032855,114046440,898,145651339264.0,487279808.0,21609815552.0,26824758.0,0.5969177648
677,3,633277543,False,0.670457005500793,11520,6750,6930,0.0203529795237334,0.0150611072474693,7.16214985666204,475.539396870405,0.0157248459484375,114046440,938,93500700672.0,852301808.0,6104313272.0,12836608.9375,1.0440697148
678,1,633276356,False,0.122335776686668,2280,3080,5620,3.35997333516669e-05,3.36521705503237e-05,0.0180883226169989,537.508348531322,2.59593751493454e-05,114046440,731,171016277008.0,629716488.0,11390514.9921875,21191.3266525269,0.7714026978
679,2,633275433,False,0.539224028587341,10250,3860,7450,0.00382646244921983,9.96053931885399e-05,0.0651341751217842,653.922119140625,0.002956350075,114046440,512,8564788202240.0,24229079040.0,1578141056.0,2413347.0,29.680621824
680,2,633276025,False,0.406978040933609,8610,4380,8130,0.000530583365711687,0.000172673098859377,0.120223350822926,696.248352050781,0.00040993220078125,114046440,10703,563573030912.0,1937988864.0,232991520.0,334638.53125,2.3740363584
681,1,633276342,False,0.0,0,0,0,0.0,0.0,0.0,0.0,0.0,114046440,755,49554731008.0,174364192.0,0.0,0.0,0.2135961352
682,2,633275779,False,0.294434040784836,6940,2930,10580,0.000214302443597397,0.00105273711960763,0.612569808959961,581.882995605469,0.000165571478515625,114046440,959,32046737408.0,128389504.0,78647536.0,135160.390625,0.1572771424
683,1,633276204,False,0.706292510032654,9590,4600,3420,0.00111827831102669,0.00111073675142631,0.255248013491744,229.800637427345,0.000863989183886719,114046440,948,57834355456.0,634981504.0,162077767.5,705297.29296875,0.7778523424
684,2,633275909,False,0.881748497486115,6710,6310,6730,0.0171200319955018,0.00566344680144786,4.87471354871991,860.732645616746,0.0132270494080566,114046440,1099,213423063488.0,1906540616.0,9293839372.0,10797591.3535156,2.3355122546
685,3,633277110,True,1.0,6530,5900,6570,0.909546662471804,0.867038008731363,3550.13629086886,4094.55670353295,0.702721738289307,114046440,343,2461582713529.0,661620820.34082,2348844085086.38,573650398.603516,0.810485504917505
686,3,633277387,False,0.881748497486115,6710,6310,6730,0.0128821325181664,0.0326919379612883,30.4735107849437,932.141460106418,0.00995282037695312,114046440,737,45050828736.0,248524616.0,7573417566.0,8124751.328125,0.3044426546
687,3,633277584,False,0.591065466403961,8250,5780,5950,0.00152479985310775,0.0139028413871469,13.3878664550209,962.959015514483,0.001178070403125,114046440,606826659,23300644864.0,69172200.0,926068176.0,961690.125,0.084735945
688,3,633277149,False,0.174872502684593,9580,2390,8910,1.28702992360151e-05,0.00102467723067201,0.505477416748719,493.304039182383,9.94367790527344e-06,114046440,393,2032561408.0,7921800.0,4004291.0,8117.2880859375,0.009704205
689,1,633276416,False,0.0,0,0,0,0.0,0.0,0.0,0.0,0.0,114046440,643,18521044992.0,66125700.0,0.0,0.0,0.0810039825
690,3,633277303,False,0.656010687351227,2850,3460,4080,0.000370268389872774,0.000214992695003988,0.173101294681597,805.149657193638,0.000286071795214844,114046440,630,390389497856.0,1086213632.0,188024986.0,233527.99609375,1.3306116992
691,3,633277600,False,0.787251114845276,2890,2570,7250,0.147771069389052,0.00790551472124972,5.33236479713083,674.512031809597,0.114168900876115,114046440,993,3894671537664.0,11789125192.0,62863916162.7891,93199102.756012,14.4416783602
692,3,633277105,False,0.694076240062714,9220,3900,7530,0.0375514652813728,0.00383779063837337,3.25434864242599,847.974511659482,0.0290125092495239,114046440,339,2325332968384.0,6171175880.0,20083157847.25,23683681.0200195,7.559690453
693,1,633276249,False,0.0103006465360522,6940,4650,680,3.68643660728455e-07,1.54198812651885e-06,8.30742210382596e-05,53.8747482299805,2.84816518783569e-07,114046440,897,33901162496.0,150781504.0,12526.0556640625,232.503280639648,0.1847073424
694,3,633277377,False,0.526756286621094,7690,4400,6890,0.00115199005037389,0.00816894750846342,8.00024035996654,979.347749716583,0.000890035095605469,114046440,725,19635719168.0,88941600.0,711554178.0,726559.26171875,0.10895346
695,2,633275586,False,0.196629554033279,12890,5350,6270,0.000131822202031922,0.000554616097360849,0.292969852685928,528.239013671875,0.000101846700976562,114046440,711,27390855168.0,149905792.0,43917880.0,83140.1640625,0.1836345952
696,2,633275435,False,0.595671117305756,5480,5930,6070,0.00608450778248533,0.0209826435893774,13.9345970153809,664.101135253906,0.0047009307625,114046440,515,55120838656.0,182888992.0,2548484352.0,3837494.5,0.2240390152
697,3,633277019,False,0.43453374505043,12890,5450,6100,0.000430341049228176,0.0323854258953501,17.6473802023673,544.917342121511,0.000332484327246094,114046440,237,1603685056.0,8380800.0,147899164.0,271415.77734375,0.01026648
698,3,633277088,False,0.999956846237183,6180,1010,6960,0.241390721849954,0.00697034016559805,7.11717155148381,1021.06516789675,0.186500060595372,114046440,322,8295378801787.12,21841824618.0,155452012803.728,152244947.424794,26.75623515705
699,2,633275648,False,1.0,6560,5810,7480,0.481116791572561,0.0723392590880394,75.7058029174805,1046.53820800781,0.371714,114046440,803,1365225747296.78,4194679552.0,317561569280.0,303440000.0,5.1384824512
700,3,633276870,False,0.713825881481171,4090,3330,6190,0.0288618682817626,0.00365094501760221,2.391920099557,655.150950788055,0.0222988694105246,114046440,31,1741655585664.0,4985875880.0,11925816731.2685,18203158.702469,6.107697953
701,2,633275403,False,0.999956846237183,6180,1010,6960,0.243084165129556,0.0102454191930678,10.441401309281,1019.12875525345,0.18780842601986,114046440,453,5789123238011.12,14964053490.0,156245687702.636,153313000.832539,18.33096552525
702,1,633276775,False,0.221031546592712,7500,2560,5650,3.95500261697025e-05,3.83334627258591e-05,0.0333037115633488,868.78955078125,3.0556610546875e-05,114046440,108,22519123968.0,650715328.0,21671236.0,24944.171875,0.7971262768
703,1,633276579,False,0.0,0,0,0,0.0,0.0,0.0,0.0,0.0,114046440,377,15409072128.0,48273300.0,0.0,0.0,0.0591347925
704,2,633275725,False,0.167930722236633,9720,2260,9070,2.96886222278486e-05,0.000171367981238291,0.116790942847729,681.521362304688,2.29376249511719e-05,114046440,902,36473577472.0,109265400.0,12761209.0,18724.591796875,0.133850115
705,1,633276084,False,0.2889803647995,11730,3130,4150,2.36304839372067e-05,4.92424896947341e-06,0.0036435448564589,739.918884277344,1.82570674316406e-05,114046440,1091,1299407699968.0,3026599168.0,11027550.0,14903.728515625,3.7075839808
706,1,633276674,False,0.0,0,0,0,0.0,0.0,0.0,0.0,0.0,114046440,243,3068166656.0,13707000.0,0.0,0.0,0.016791075
707,2,633275997,False,0.409383922815323,1860,3740,7150,4.61394543041354e-05,9.91775429654963e-05,0.0965178600641277,973.182609471442,3.56476460968018e-05,114046440,151,51885647872.0,293414400.0,28319730.0,29100.1192626953,0.35943264
708,3,633276917,False,0.530027687549591,10460,6860,6670,0.000529283740176217,0.00190001652430612,0.723953652335789,381.024924296474,0.000408928101538086,114046440,105,18219884544.0,175692608.0,127193305.25,333818.858398438,0.2152234448
709,2,633275337,False,0.130844607949257,5970,4780,9430,8.5969158079014e-06,0.000584054330829531,0.267704695463181,458.355804443359,6.64203374023437e-06,114046440,355,1827344000.0,9283500.0,2485236.5,5422.068359375,0.0113722875
710,3,633277036,False,0.135777249932289,8340,1150,7510,4.39858982089566e-05,0.000202826151726727,0.15442057168138,761.344483276669,3.39837944824219e-05,114046440,257,44390539264.0,136776608.0,21121122.0,27741.873046875,0.1675513448
711,2,633275692,False,0.760011076927185,5920,1180,8400,0.00350840197944705,0.00502291647717357,3.59758400917053,716.234069824219,0.0027106144625,114046440,854,171925749760.0,440530208.0,1584844416.0,2212746.5,0.5396495048
712,2,633275351,False,0.356328427791595,11460,3960,7210,6.00732353529939e-05,0.00157469662372023,0.79403555393219,504.246704101562,4.64129770507812e-05,114046440,372,2868235776.0,24060600.0,19104972.0,37888.14453125,0.029474235
713,1,633276727,False,0.258719354867935,2200,2150,5270,9.02799581249244e-06,2.41550242208177e-05,0.012757427059114,528.14794921875,6.97508898925781e-06,114046440,171,66074398720.0,235725296.0,3007248.25,5693.9501953125,0.2887634876
714,2,633275165,False,0.339897245168686,3750,3150,6640,0.000386870653380612,0.0253753308206797,12.6288394927979,497.681793212891,0.00029889881328125,114046440,132,1996152064.0,9615600.0,121433872.0,243999.03125,0.01177911
715,1,633276533,False,0.492998480796814,5200,5500,5650,0.0014489991645258,0.0504433773458004,35.060230255127,695.041259765625,0.0011195062921875,114046440,452,4412747776.0,18117000.0,635186176.0,913882.6875,0.022193325
716,3,633277001,False,0.293649464845657,10790,4330,4140,0.000126055967553416,0.000249755759683131,0.123790756384125,495.647253705699,9.73916702636719e-05,114046440,217,60286085120.0,318324608.0,39405644.0,79503.404296875,0.3899476448
717,2,633275523,False,0.668008029460907,8230,3380,6380,0.0365520237580103,0.176831945776939,223.721923828125,1265.16687011719,0.02824033415,114046440,634,85026643968.0,130368600.0,29166313472.0,23053334.0,0.159701535
718,1,633276740,False,0.349338263273239,6380,3200,4930,0.000282917704665145,0.000390094093745574,0.336053729057312,861.468383789062,0.000218584080859375,114046440,155,154736869376.0,457417792.0,153716960.0,178435.984375,0.5603367952
719,1,633276602,False,0.0525433234870434,4900,4950,2090,1.87802195655445e-06,3.49751917383401e-06,0.00179971300531179,514.568481445312,1.45097212524414e-06,114046440,344,96298917888.0,338659200.0,609489.375,1184.46704101562,0.41485752
720,2,633275781,False,0.590118050575256,5840,6570,8630,0.00189565212492707,0.000229696670430712,0.152827233076096,665.343688964844,0.001464593309375,114046440,961,1360534831104.0,5205066240.0,795475840.0,1195586.375,6.376206144
721,1,633275993,False,0.0,0,0,0,0.0,0.0,0.0,0.0,0.0,114046440,151,49708366848.0,293414400.0,0.0,0.0,0.35943264
722,1,633276734,False,0.502866566181183,10110,3760,5190,0.00560662549610262,0.0386187434196472,27.6441516876221,715.822082519531,0.0043317157625,114046440,162,25243521024.0,91564200.0,2531214592.0,3536094.5,0.112166145
723,2,633275847,False,0.581192314624786,9100,3410,5880,0.00403134456987042,0.134169518947601,122.532669067383,913.267578125,0.00311464335,114046440,614454277,8806488064.0,18950400.0,2322043136.0,2542566.0,0.02321424
724,1,633276611,False,0.509345591068268,4300,4040,5530,0.00100453108066945,0.0380555838346481,25.2951412200928,664.689331054688,0.000776107325,114046440,333,4593117184.0,16648200.0,421118560.0,633557.0,0.020394045
725,3,633277007,False,0.428844839334488,11740,5170,7070,0.000815566000842454,0.000762989950760751,0.386082059723606,506.011985267509,0.000630111660510254,114046440,225,117787164672.0,674159424.0,260280859.0,514376.865722656,0.8258452944
726,2,633275247,False,0.999958574771881,5970,3960,6320,0.108890539010634,0.070696318860212,183.568831272424,2596.58259767945,0.084129547184375,114046440,239,532299794432.0,971439284.0,178325974016.0,68677181.375,1.1900131229
727,3,633277740,False,0.780824780464172,7210,930,6330,0.00397106031317366,0.000264939444794869,0.166889235222794,629.914640879575,0.00306806733647003,114046440,254,3120452822449.12,9453272488.0,1577649415.875,2504544.76446533,11.5802587978
728,2,633275232,False,0.580620408058167,6590,7240,6090,0.00903633703801426,0.0444482751190662,19.7339572906494,443.975799560547,0.006981533475,114046440,223,18554259456.0,128221200.0,2530311680.0,5699211.0,0.15707097
729,2,633275745,False,0.590305030345917,6570,700,8250,0.00575131252384505,0.0484887771308422,37.9712257385254,783.093078613281,0.0044435019125,114046440,182305693,26609332224.0,74808000.0,2840551424.0,3627348.5,0.0916398
730,1,633276706,False,0.540556371212006,10010,6500,5670,0.00304738173148635,0.0365260988473892,17.8420829772949,488.474914550781,0.002354427184375,114046440,206,8540503040.0,52619400.0,938839680.0,1921981.375,0.064458765
731,1,633276607,False,0.533406615257263,6220,920,4410,0.00299399842287998,0.00178402437730307,1.03376334004967,579.455837712497,0.00231318288876343,114046440,337,396039230464.0,1058456704.0,1094193737.625,1888312.56225586,1.2966094624
732,3,633276876,False,0.197634443640709,7860,640,7850,1.94867526123246e-05,4.67336966218198e-05,0.0245054299742745,524.363184290304,1.50555933349609e-05,114046440,41,73582915584.0,262985408.0,6444570.5,12290.2802734375,0.3221571248
733,2,633276437,False,0.620546102523804,7400,3440,8010,0.0050102877812359,0.0167525224387646,10.2022285461426,608.99658203125,0.00387098131875,114046440,496345668,49302614016.0,188627392.0,1924419840.0,3159984.75,0.2310685552
734,1,633276479,False,0.0564882084727287,5110,2140,1800,8.31584291823483e-06,2.88260016532149e-05,0.00699411146342754,242.632034301758,6.42487497558594e-06,114046440,558,42433146880.0,181946704.0,1272555.5,5244.7958984375,0.2228847124
735,2,633275415,False,0.963948011398315,4230,3930,5900,0.620134150300207,0.0193308889865875,15.8556108474731,820.221496582031,0.4791197264,114046440,477,6148781529472.0,20232806400.0,320803504128.0,391118144.0,24.78518784
736,2,633275881,False,0.389837503433228,6210,1880,8630,0.000546422085572332,0.000633953604847193,0.573221623897552,904.201232910156,0.0004221693,114046440,1070,239431729152.0,543617088.0,311613056.0,344628.0,0.6659309328
737,2,633275192,False,0.716818332672119,8320,4610,5740,0.0481424903337595,0.0919894950721427,109.487676679543,1190.21934617292,0.0371952049177734,114046440,165,148032021248.0,330075000.0,36139144880.0,30363432.5859375,0.404341875
738,3,633277575,False,0.436909854412079,11550,5410,5400,0.000341463412983656,0.000999923477276146,0.449910092618903,449.944523599432,0.00026381688046875,114046440,970,28163510272.0,215377200.0,96900376.0,215360.71875,0.26383707
739,2,633275974,False,1.0,7040,5040,7300,0.751909619975206,0.227446856212704,475.00981026247,2088.44306829306,0.58093032165,114046440,290,1916705478756.0,2085009403.5,990399921152.0,474228834.0,2.5541365192875
740,3,633277572,False,0.746926069259644,9820,3530,7550,0.0726292320650339,0.00450602187101068,2.91893849915077,647.786136576401,0.0561138227572137,114046440,967,635818423854.0,10165774504.0,29673270573.4109,45807202.2507867,12.4530737674
741,2,633275076,False,0.961410641670227,6830,5030,7580,0.0517344708397298,0.034585926681757,16.0822010040283,464.992614746094,0.0399703927,114046440,6,80304590080.0,943415296.0,15172194304.0,32628892.0,1.1556837376
742,1,633276836,False,0.0,0,0,0,0.0,0.0,0.0,0.0,0.0,114046440,2,10323032064.0,51414300.0,0.0,0.0,0.0629825175
743,3,633277772,False,0.676025092601776,8460,5200,5990,0.00311564564640978,0.100449606132172,115.029216865006,1145.14353310306,0.002407168334375,114046440,607344830,8347391744.0,19562400.0,2250247552.0,1965035.375,0.02396394
744,2,633275808,False,0.320325583219528,7130,1410,6420,0.00050251912791992,0.000945432693697512,0.394508719444275,417.278472900391,0.0003882495859375,114046440,986,43791073280.0,335231104.0,132251592.0,316938.4375,0.4106581024
745,2,633275168,False,0.666744649410248,11190,5700,6780,0.0818732794325653,0.0413143932819366,23.9643020629883,580.047302246094,0.0632558346,114046440,136,257620459520.0,1249865088.0,29952143360.0,51637416.0,1.5310847328
746,1,633276310,False,0.475940436124802,5260,5590,4620,0.00554973374938689,0.00576825594682672,3.51371752680985,609.147298455584,0.00428776082451172,114046440,809,141072632768.0,606806104.0,2132145243.0,3500212.91796875,0.7433374774
747,1,633276736,False,0.336044251918793,3450,6020,4330,8.28317239672901e-05,2.38350767176598e-05,0.0133969048038125,562.066772460938,6.399633515625e-05,114046440,159,519224033280.0,2191807744.0,29363440.0,52241.90625,2.6849644864
748,3,633276904,True,1.0,6610,5910,6460,0.000955639513159124,0.714096158942732,2090.47929655049,2927.44789391611,0.000738333378125,114046440,88,2103963904.0,844033.5625,1764434688.0,602721.125,0.0010339411140625
749,2,633275582,False,0.580949306488037,8080,2670,6630,0.00513813675187543,0.12389250099659,155.191925048828,1252.63366699219,0.003969758275,114046440,706,14122467328.0,26156700.0,4059308544.0,3240619.0,0.0320419575
750,1,633276287,False,0.22772029042244,5200,5320,5690,0.000176840663408764,4.90772547981094e-05,0.0134044690156897,273.129967656749,0.000136628260559082,114046440,840,182702881792.0,2272606208.0,30463079.5,111533.273925781,2.7839426048
751,3,633277725,True,0.679817378520966,6130,1870,6860,0.000314139325904604,0.699455270054813,2806.80611647354,4012.84576246538,0.0002427061109375,114046440,484682516,899453632.0,283259.625,795054848.0,198127.4375,0.000346993040625
752,2,633275592,False,0.591602504253387,3710,4270,7010,0.000996170080778672,0.000511775142173981,0.345928257428741,675.93798315265,0.000769647561450195,114046440,723,407357371904.0,1227655804.0,424680833.0,628283.723632812,1.5038783599
753,3,633277484,False,0.635384798049927,8740,4770,6020,0.0294427295988749,0.0340559300205546,19.3242734600927,567.427565432201,0.0227476466875,114046440,863,49048404480.0,545265024.0,10536850432.0,18569507.5,0.6679496544
754,3,633277775,False,0.49720698595047,10380,5310,7570,0.00102735536617001,0.0161771291410916,8.30527515629057,513.396109028661,0.000793741518212891,114046440,549009227,7581940480.0,40053600.0,332656169.0,647952.259765625,0.04906566
755,3,633277419,True,0.782525777816772,6780,5230,7310,0.000293655637588379,0.512169303070301,2061.77250460563,4025.56828815379,0.000226880278515625,114046440,784,900657920.0,361615.5625,745569024.0,185208.390625,0.0004429790640625
756,1,633276751,False,0.368737906217575,7930,3550,5690,0.000386701545442301,0.00133738445583731,0.667402267456055,499.035461425781,0.000298768159375,114046440,140,7972758528.0,182365200.0,121710944.0,243892.375,0.22339737
757,3,633277138,False,0.858586609363556,8180,5260,6840,0.0231376753359238,0.0823933363370688,120.393808239721,1461.20807327419,0.0178763202625,114046440,374,83144964096.0,177112800.0,21323284480.0,14592914.5,0.21696318
758,3,633277656,False,0.146498173475266,11220,3920,1830,8.03023985395544e-06,1.1008548703236e-06,0.000331806840401484,301.408341232072,6.20421616821289e-06,114046440,1064,1515018911744.0,4600666624.0,1526532.65625,5064.66625976562,5.6358166144
759,3,633277501,False,0.629049301147461,8570,4350,10340,6.11777695748885e-05,0.000128702138459044,0.0815006299153598,633.250005719954,4.72663474609375e-05,114046440,888,74213494784.0,299799008.0,24433808.0,38584.7734375,0.3672537848
760,3,633277381,False,0.393451392650604,7510,3900,9900,0.000245550961563141,0.000328721407777976,0.21466828123355,653.040161529549,0.000189714289181519,114046440,729,132703510528.0,471124800.0,101135551.0625,154868.807495117,0.57712788
761,1,633276024,False,0.313917756080627,4890,5120,5340,0.000274925806199314,0.000634552852716297,0.345978051424026,545.231262207031,0.0002124094875,114046440,266,56617250816.0,273256192.0,94540648.0,173395.5,0.3347388352
762,2,633275283,False,0.121263884007931,6290,7040,7540,9.23271650517262e-06,0.00051847705617547,0.196231350302696,378.476470947266,7.13325754394531e-06,114046440,292,1573515648.0,11231100.0,2203894.0,5823.0673828125,0.0137580975
763,1,633276491,False,0.0,0,0,0,0.0,0.0,0.0,0.0,0.0,114046440,538,6248445952.0,70977600.0,0.0,0.0,0.08694756
764,3,633277438,False,0.989645183086395,5740,4150,6790,0.0813968792746972,0.0423009511925936,40.7441903872147,963.197971641558,0.0628877647022461,114046440,809,362790085056.0,1213612208.0,49447646859.0,51336950.7773438,1.4866749548
765,2,633275380,False,0.321298509836197,9780,2420,8980,9.05663989816319e-05,0.0001597723326351,0.0977027916075865,611.51258166035,6.99721959838956e-05,114046440,425,104021463040.0,357509708.0,34929696.4984131,57120.1599868536,0.4379493923
766,3,633277416,False,0.417911112308502,8010,6300,8100,0.000487679037691579,0.000353542027778265,0.247324634394535,699.562187694563,0.000376784034545898,114046440,780,226502090752.0,869992192.0,215170500.8125,307578.803710938,1.0657404352
767,3,633277000,False,0.0833410397171974,9870,2830,10050,4.53749327559144e-06,1.27372205108961e-05,0.00567287144401494,445.377501250141,3.50569717163742e-06,114046440,312782632,55678148608.0,224679600.0,1274578.4868927,2861.79360949993,0.27523251
768,3,633277050,False,0.599337041378021,4930,6560,5990,0.012478506974303,0.0482639195513953,33.1081549511362,685.981479723793,0.009640976625,114046440,272,35741319168.0,163065600.0,5398801152.0,7870185.0,0.19975536
769,3,633276901,False,0.444270044565201,4490,4890,6590,0.000709995516952598,0.000134426783753178,0.09024618126449,671.340775586746,0.000548547209765625,114046440,81,100380493312.0,3331134080.0,300622130.0,447793.640625,4.080639248
770,1,633276610,False,0.0630731359124184,7930,5990,2670,3.66134069605329e-06,7.14935868018074e-06,0.00634475238621235,887.45751953125,2.82877592163086e-06,114046440,334,91524743168.0,322994688.0,2049321.25,2309.20483398438,0.3956684928
771,3,633277539,False,0.255256444215775,6110,1410,8330,0.000227228795760408,0.000847319262068939,0.678088256411702,800.274804040194,0.00017555846328125,114046440,182305701,72874983424.0,169136992.0,114689808.0,143313.03125,0.2071928152
772,3,633277680,False,0.701630830764771,10080,6080,6980,0.0731802014831258,0.0218313960716546,10.0730647033096,461.402682185231,0.05653950535625,114046440,1093,279818477568.0,2114143232.0,21295901568.0,46154698.25,2.5898254592
773,3,633277021,False,0.999958574771881,5970,3960,6320,0.115708655956918,0.0375614636071275,93.2485851375144,2482.55994795208,0.089397269215625,114046440,239,850377033728.0,1942878568.0,181170677560.0,72977362.625,2.3800262458
774,3,633277123,False,0.130844607949257,5970,4780,9430,9.06568552592189e-06,0.000307950722751976,0.142668080465342,463.282174467396,7.00420830993652e-06,114046440,355,4018443392.0,18567000.0,2648918.25,5717.72106933594,0.022744575
775,2,633275609,False,0.127382233738899,10240,1910,9050,3.74555789242303e-06,2.70891214313451e-05,0.0134033756330609,494.788116455078,2.89384268188477e-06,114046440,750,19650449408.0,87205504.0,1168848.125,2362.32055664062,0.1068267424
776,1,633276622,False,0.184166744351387,7860,4590,3210,3.10596389487829e-05,0.00162069092039019,0.882900297641754,544.767822265625,2.39968814941406e-05,114046440,321,2921384448.0,12087000.0,10671616.0,19589.291015625,0.014806575
777,2,633275525,False,0.999992847442627,6400,4820,6990,0.221487175554244,0.0660374464577876,95.1513270598165,1440.86926681272,0.171122449717187,114046440,637,868965504975.0,2115342176.0,201277615232.0,139691795.6875,2.5912941656
778,2,633275734,False,0.586547791957855,9780,3650,6580,0.000418418821900306,0.0861899629235268,95.7440490722656,1110.84912109375,0.0003232731359375,114046440,911,1069784448.0,3061800.0,293149120.0,263896.4375,0.003750705
779,1,633276603,False,1.0,7300,3070,5140,1.37685747131589,0.0160956814883064,12.7679122493783,793.250802002654,1.06376914515886,114046440,343,12009123953408.0,53951302172.0,688845491871.79,868382975.639885,66.0903451607
780,3,633277358,False,0.697571396827698,8420,4890,6650,0.0416609865415066,0.043857890978685,33.3880975417157,761.279140347684,0.032187552425,114046440,697,83132272640.0,599106624.0,20003030400.0,26275553.0,0.7339056144
781,3,633277444,True,0.0492482073605061,6500,5600,7360,2.84093465750611e-07,0.182511467098514,507.691038336149,2781.6939198791,2.19492481613159e-07,114046440,818,1079905.75,981.733032226562,498417.0625,179.177536010742,1.20262296447754e-06
782,2,633275237,False,0.357310950756073,13050,5230,7580,0.000129869557806634,7.85227530286647e-05,0.0138465268537402,176.337768554688,0.000100338075195312,114046440,229,3596160512.0,1043119744.0,14443586.0,81908.6328125,1.2778216864
783,2,633275656,False,0.719717860221863,3680,4070,6130,0.00235857621215576,0.00654951576143503,4.00293302536011,611.179992675781,0.00182225150625,114046440,814,59803119616.0,227124000.0,909162176.0,1487552.25,0.2782269
784,1,633276345,False,0.601764917373657,9470,4340,5190,0.00685851404078425,0.0034097405807439,1.31781482614373,386.485363017329,0.0052989330923645,114046440,752,39678506496.0,1268618408.0,1671804146.78125,4325659.66723633,1.5540575498
785,2,633275683,True,1.0,6050,1580,6930,0.0104011793124989,0.863676965236664,3536.34399414062,4094.52172851562,0.0080360196,114046440,844,28173242368.0,7595451.0,26860128256.0,6560016.0,0.009304427475
786,2,633275874,False,0.560481309890747,9010,4130,5750,0.000735513845385947,0.148753583431244,105.813835144043,711.33642578125,0.00056826283828125,114046440,1060,950409216.0,3118500.0,329980448.0,463888.03125,0.0038201625
787,3,633277394,False,0.992458403110504,7980,5290,6820,0.110345141380643,0.180410838356679,345.320603662533,1914.07903653672,0.08525338255,114046440,749,287393517568.0,385756192.0,133209561088.0,69594598.0,0.4725513352
788,2,633275917,False,0.654215335845947,4470,2870,7170,0.0120370691580385,0.0203415639698505,14.1824932098389,697.217468261719,0.0092999188625,114046440,1108,52610322432.0,373214688.0,5293114880.0,7591770.5,0.4571879928
789,2,633275143,False,0.676812589168549,4220,4780,8750,0.00172269252168305,0.000648234433625083,0.502295337496752,774.866794236455,0.00133096358144531,114046440,104,523422496768.0,1676092516.0,841893456.0,1086500.8828125,2.0532133321
790,2,633275597,False,0.393451392650604,7510,3900,9900,0.000242808304317428,0.000650099595077336,0.42516228556633,653.995666503906,0.000187595294140625,114046440,729,68273119232.0,235562400.0,100152248.0,153139.015625,0.28856394
791,1,633275982,False,0.39117294549942,8700,5710,5280,0.000414023724916424,0.00935748871415854,5.49301671981812,587.018310546875,0.000319877455078125,114046440,607344846,6767537152.0,27905400.0,153284832.0,261124.453125,0.034184115
792,2,633275295,False,0.648078382015228,7380,5620,9170,0.0050342362003603,0.00992041081190109,7.41655588150024,747.605712890625,0.003889484025,114046440,311,90767695872.0,320056192.0,2373714688.0,3175089.0,0.3920688352
793,3,633277130,False,0.74070543050766,3700,3310,6190,0.00251877391983968,0.00180215458003185,1.33453685041116,740.522963567073,0.00194602130966797,114046440,363,317871161344.0,881494208.0,1176386504.0,1588588.82421875,1.0798304048
794,2,633275494,False,0.36234638094902,5450,3380,6150,0.000730931877441227,0.000676754862070084,0.512077629566193,756.666381835938,0.0005647227796875,114046440,603,31636502528.0,681189312.0,348821824.0,460998.1875,0.8344569072
795,2,633275748,False,0.19345323741436,10350,4110,7630,5.87488186953417e-05,1.2242399432755e-05,0.00619445422381085,505.98367238675,4.53897240234375e-05,114046440,928,1275482341376.0,3026599168.0,18748130.0,37052.8359375,3.7075839808
796,3,633276891,False,1.0,6530,5580,6220,0.0354885945575921,0.220190661526524,452.269279440981,2053.9893758687,0.02741872175,114046440,63,89516863488.0,101651132.0,45973684224.0,22382630.0,0.1245226367
797,3,633277184,False,0.164027884602547,1990,3260,7320,1.37105279820284e-05,2.55928648756717e-05,0.0151322677390658,591.269004567378,1.05928441650391e-05,114046440,448,111216603136.0,337876192.0,5112833.0,8647.2197265625,0.4138983352
798,1,633276816,False,0.53660649061203,6340,5600,5480,0.00366555612204624,0.0272184070199728,16.5851364135742,609.335327148438,0.0028320327875,114046440,38,18746404864.0,84937504.0,1408700032.0,2311863.5,0.1040484424
799,3,633277454,False,0.634212851524353,10470,1410,7250,0.00289086210288014,0.00101536669127325,0.717631420953361,706.770693899229,0.0022334990890625,114046440,828,626685509632.0,1795671040.0,1288629960.0,1823264.5625,2.199697024
800,2,633275279,False,0.463994383811951,5380,5110,6350,0.000227014475107854,0.0410228222608566,26.4360370635986,644.422668457031,0.000175392877734375,114046440,287,782374400.0,3490200.0,92267056.0,143177.859375,0.004275495
801,1,633276048,False,0.45788100361824,7960,4230,4360,0.000632098172360219,0.00316850258968771,1.7308634519577,546.271728515625,0.00048836320859375,114046440,563807435,21548677120.0,125820896.0,217778784.0,398663.84375,0.1541305976
802,1,633276087,False,0.378931790590286,8050,4300,3710,0.000414381859161403,0.0023202367592603,1.19142866134644,513.494445800781,0.000320154151953125,114046440,1088,23341316096.0,112639504.0,134201936.0,261350.328125,0.1379833924
803,3,633277483,False,0.296876072883606,6830,3300,9450,0.00154671196822752,0.000522828123770439,0.361113620765877,690.692800076748,0.00119499984749756,114046440,862,579692560384.0,1865833216.0,673777788.375,975510.079589844,2.2856456896
804,2,633275571,False,0.231625482439995,4210,5280,9270,4.39982635766258e-05,0.000103652775578666,0.0813175514340401,784.518798828125,3.3993348046875e-05,114046440,694,82943180800.0,267717600.0,21770140.0,27749.671875,0.32795406
805,3,633277672,False,0.602722764015198,4910,2280,6800,0.00351627100099101,0.0334862834112834,20.1673606455042,602.257360060109,0.00271669412034073,114046440,1085,12739409408.0,66227400.0,1335631860.41406,2217709.48599243,0.081128565
806,2,633275310,False,0.286376148462296,3620,4460,8940,0.000122724437736859,0.000185848388355225,0.123314395546913,663.521484375,9.48177083984375e-05,114046440,328,127508684800.0,416480384.0,51358028.0,77402.2109375,0.5101884704
807,1,633276076,False,0.584558188915253,8050,2830,5440,0.012481111400062,0.00840957074869027,5.46999205013219,650.448425204592,0.00964298882148437,114046440,1100,256108274176.0,936055816.0,5120217872.0,7871827.609375,1.1466683746
808,1,633276148,False,0.225348964333534,7670,3190,1700,6.40012563537117e-06,0.000162366879521869,0.0893818587064743,550.493103027344,4.94477919311523e-06,114046440,1005,5944833536.0,24860700.0,2222095.5,4036.55444335938,0.0304543575
809,1,633276313,False,0.6056307554245,7980,4850,4230,0.00299576065383665,0.0174355302006006,14.2585105895996,817.784729003906,0.0023145444,114046440,804,27610464256.0,108366304.0,1545142144.0,1889424.0,0.1327487224
810,3,633276890,True,1.0,6500,5580,6660,0.0248781395882264,0.985179323132748,4863.57199032466,4936.73778582675,0.0192210144,114046440,63,77899628544.0,15926668.0,77460496384.0,15690624.0,0.0195101683
811,3,633277311,False,0.605396211147308,6400,6830,8190,0.00618719827454223,0.0056494874205231,3.49919277387043,619.382346291946,0.00478027011259766,114046440,639,168559706112.0,690728384.0,2416991770.0,3902261.31640625,0.8461422704
812,2,633275336,False,0.714735925197601,10870,7290,6300,0.418392150709595,0.0189373064786196,11.0464553833008,583.317138671875,0.3232525296,114046440,354,2233598600896.0,13934380032.0,153925500928.0,263879616.0,17.0696155392
813,2,633275515,False,0.459116607904434,6280,1470,7890,0.00664437407302386,0.0117537193000317,9.74086380004883,828.747375488281,0.00513348714375,114046440,625,163207266304.0,356534112.0,3472950272.0,4190601.75,0.4367542872
814,2,633275303,False,0.531170189380646,7530,4370,8280,0.00144179852572035,0.0752329975366592,51.7246170043945,687.525695800781,0.00111394303125,114046440,321,4029931520.0,12087000.0,625195456.0,909341.25,0.014806575
815,1,633276230,False,0.0863058567047119,4120,2270,4890,1.21197263733159e-05,2.43035756284371e-05,0.0155288763344288,638.954406738281,9.36378037109375e-06,114046440,919,90122829824.0,314517600.0,4884105.0,7643.90234375,0.38528406
816,1,633276412,False,0.0,0,0,0,0.0,0.0,0.0,0.0,0.0,114046440,649,2134052352.0,10012500.0,0.0,0.0,0.0122653125
817,3,633277139,False,0.715299129486084,6230,2110,6820,0.00415441788872964,0.000171951772492542,0.157230796584059,914.388926062851,0.00320973060625,114046440,375,5269780267008.0,15237925216.0,2395871120.0,2620188.25,18.6664583896
818,3,633277751,False,0.522706389427185,7290,7230,5680,0.000958769645107821,0.00823891677736903,2.79839629402548,339.655851569252,0.000740751738671875,114046440,10671,4079910272.0,73395000.0,205388296.0,604695.296875,0.089908875
819,1,633276392,False,0.0639589801430702,6510,4270,1770,2.03844046426354e-06,1.21596563513938e-06,0.000492332035965819,404.88976146878,1.57491252021491e-06,114046440,677,301002942976.0,1057301980.0,520543.636444092,1285.64287364483,1.2951949255
820,1,633276842,False,0.365739852190018,9540,2750,3690,0.000195575856839932,6.16592123812491e-05,0.0489618573439858,794.072052708791,0.00015110319432373,114046440,4,835260825600.0,2000504736.0,97948427.5,123349.546386719,2.4506183016
821,3,633277100,False,0.124056868255138,9190,3830,9970,7.20432782229359e-06,9.367697414588e-05,0.0569170089022484,607.58803773501,5.56611109619141e-06,114046440,335,12352150528.0,48504600.0,2760736.75,4543.76416015625,0.059418135
822,3,633277189,True,1.0,6100,1360,7040,0.0434635763642653,0.911817717449139,3933.1871013089,4313.56731289693,0.0335802451871603,114046440,453,121646846852.875,30063514.3693314,118245426937.469,27412445.0507431,0.0368278051024309
823,3,633277734,False,0.209851458668709,4080,2390,5740,0.000315091631085378,0.000461711589866693,0.290541634139995,629.27082732292,0.000243441868188477,114046440,588,132105007104.0,430416000.0,125053768.0,198728.055664062,0.5272596
824,3,633277500,False,0.462886959314346,7770,1980,5890,0.00203014164871314,0.000327265267269061,0.189974762170129,580.491671955953,0.0015685008006958,114046440,886,1434178976768.0,3912449456.0,743266654.90625,1280408.81689453,4.7927505836
825,1,633276457,False,0.761429607868195,9160,4260,5690,0.00632361263286338,0.106555782258511,65.7268905639648,616.830810546875,0.00488566474375,114046440,591,8985503744.0,37429200.0,2460104960.0,3988297.75,0.04585077
826,1,633276348,False,0.140395298600197,2510,3650,5320,3.17453943727335e-05,2.5041216179405e-05,0.0140219015804075,559.952898451463,2.45267006484985e-05,114046440,746,245040732288.0,799553676.0,11211262.953125,20021.7964477539,0.9794532531
827,1,633276364,False,0.148387789726257,12380,4810,4560,4.40458716356946e-05,0.00014884379287309,0.070177808433193,471.486294984629,3.40301303466797e-05,114046440,720,27728477184.0,186636592.0,13097747.0,27779.6982421875,0.2286298252
828,1,633276326,False,0.112738974392414,3590,3790,3460,1.57726132982533e-05,2.82787368632853e-05,0.0135481599718332,479.093536376953,1.21860248535156e-05,114046440,783,97114587136.0,351775808.0,4765915.0,9947.775390625,0.4309253648
829,2,633275317,False,0.124056868255138,9190,3830,9970,7.20432782229359e-06,0.000187353944056667,0.113834016025066,607.588012695312,5.56611109619141e-06,114046440,335,6688015872.0,24252300.0,2760736.75,4543.76416015625,0.0297090675
830,2,633275730,False,0.559185922145844,6500,4360,6310,0.00889990751175651,0.0523858517408371,44.6504859924316,852.338623046875,0.006876127125,114046440,907,35908874240.0,107150400.0,4784317440.0,5613165.0,0.13125924
831,1,633276701,False,0.0,0,0,0,0.0,0.0,0.0,0.0,0.0,114046440,211,99197272064.0,271941312.0,0.0,0.0,0.3331281072
832,3,633276916,False,0.676812589168549,4220,4780,8750,0.00175167611372629,0.0003295703554708,0.25353630444645,769.293415617635,0.00135335649543517,114046440,104,1016039483904.0,3352185032.0,849900604.833984,1104780.81260014,4.1064266642
833,2,633275558,False,0.721566379070282,9140,5420,6030,0.0367747257824985,0.0856670662760735,62.0957870483398,724.850158691406,0.0284123952,114046440,679,75951734784.0,270743392.0,16812023808.0,23193792.0,0.3316606552
834,2,633275512,True,1.0,6840,5850,7200,0.0204830803100372,0.663002706660751,2458.71965721668,3708.46096481288,0.0158253626722918,114046440,623,54585129631.2188,19485083.9614487,47908358958.5312,12918663.4059525,0.0238692278527746
835,3,633277460,True,0.0154250031337142,6550,5860,7490,8.59814188342171e-08,1.0,4306.47774854396,4306.47774854396,6.64298101425171e-08,114046440,835,233533.46875,54.2284164428711,233533.46875,54.2284164428711,6.64298101425171e-08
836,3,633277593,False,0.320325583219528,7130,1410,6420,0.000673788060553307,0.000633827857751529,0.263829164253207,416.247347014894,0.000520573090625,114046440,986,88898789376.0,670462208.0,176887484.0,424957.625,0.8213162048
837,3,633276922,False,0.999005854129791,6130,850,6970,0.0186087871471429,0.0201904329127344,18.486668542234,915.615263037489,0.0143772714375732,114046440,113,222982435200.0,581292544.0,10746162587.0,11736548.1123047,0.7120833664
838,1,633276506,False,0.407180100679398,10800,3920,4940,0.00108547179834736,2.82555665762629e-05,0.0150135504081845,531.348388671875,0.00083864265625,114046440,512,8157195537920.0,24229074944.0,363764448.0,684606.25,29.6806168064
839,2,633275135,False,0.712036192417145,6230,4870,9820,0.00337796163299399,0.000599737987140465,0.438269547871006,730.768364299657,0.00260983539223938,114046440,95,1061503089312.0,3552347720.0,1556885829.125,2130477.87121582,4.351625957
840,2,633275428,False,0.54746288061142,9270,4250,9520,0.000351015509315151,0.000234516424825415,0.183650955557823,783.104858398438,0.00027119689296875,114046440,502,322313650176.0,944007296.0,173367840.0,221385.21875,1.1564089376
841,2,633275924,False,0.899682700634003,8970,5090,6690,0.200873897441623,0.0813213346351883,58.3077420683636,717.004244088408,0.155196495365625,114046440,1117,419910436864.0,1557906264.0,90837996608.0,126691016.625,1.9084351734
842,1,633276004,False,0.398451924324036,8240,4390,5540,0.000676844489584267,0.0579991452395916,40.3822250366211,696.255493164062,0.0005229345078125,114046440,549009211,2305642496.0,7360200.0,297221248.0,426885.3125,0.009016245
843,1,633276308,False,0.139030531048775,10430,2490,4610,1.16470514458122e-05,1.44899222505046e-05,0.014143418520689,976.086547851562,8.99858861083984e-06,114046440,811,255680643072.0,506958304.0,7170123.5,7345.78662109375,0.6210239224
844,3,633276926,False,0.519175708293915,7070,6740,5730,0.0105727963706449,0.0361359563415422,21.7398683374844,601.613200215544,0.00816861206875,114046440,118,33363561472.0,184532400.0,4011710080.0,6668254.75,0.22605219
845,2,633275296,False,1.0,7390,3310,5950,2.51636385796505,0.0959927216172218,120.326377868652,1253.49475097656,1.94415928,114046440,313,7837298688256.0,16533220352.0,1989382504448.0,1587068800.0,20.2531949312
846,1,633276598,False,0.578172206878662,6220,7140,5090,0.00199202492055243,0.111552275717258,53.934497833252,483.490814208984,0.001539051565625,114046440,349,2198906880.0,11262600.0,607442688.0,1256368.625,0.013796685
847,3,633276974,False,0.782836318016052,6130,5050,6190,0.089293595841602,0.147598311716173,157.826533461996,1069.2976879403,0.0689888199,114046440,181,206329700352.0,381558592.0,60220069888.0,56317404.0,0.4674092752
848,1,633276378,False,0.0237618573009968,8030,1890,1220,5.14898928431965e-07,6.40404141449835e-06,0.001795390737243,280.352783203125,3.97814301300049e-07,114046440,696,10980108288.0,50709600.0,91043.546875,324.746368408203,0.06211926
849,1,633276156,False,0.991309821605682,7530,2630,5400,0.0303675451776484,0.00604259964264535,4.75016061636685,786.112087063129,0.0234621652910278,114046440,991,456107902080.0,3169627168.0,15056238142.0,19152787.9926758,3.8827932808
850,3,633277205,False,0.271382868289948,9730,2910,7940,0.000404646889787842,0.00115038345786643,0.525800780472441,457.065665258804,0.000312632850537109,114046440,482,27734594560.0,221848192.0,116647952.5,255210.490234375,0.2717640352
851,1,633276395,False,0.667619109153748,5140,3430,3870,0.000137864912258019,7.42637348594144e-06,0.004623600281775,622.591979980469,0.000106515338671875,114046440,672,3432265285632.0,11708446720.0,54135180.0,86951.296875,14.342847232
852,3,633277726,False,0.999210894107819,6100,1910,6910,0.0527865035623644,0.0121653519241583,9.24848161665538,760.231325350277,0.04078320010625,114046440,484682516,388446203200.0,2736658048.0,25309931648.0,33292408.25,3.3524061088
853,2,633275563,False,0.326205790042877,6470,1950,5930,0.000148935796563751,0.000124343438073993,0.0738151296973228,593.639099121094,0.000115068776757812,114046440,687,327951974400.0,755437504.0,55762716.0,93933.6953125,0.9254109424
854,1,633276499,False,0.0360582172870636,8950,6430,2260,1.39091931516328e-06,1.56443968535314e-06,7.32401895220391e-05,46.815601348877,1.07463341827393e-06,114046440,526,124957294592.0,560745024.0,41069.0703125,877.251770019531,0.6869126544
855,2,633275166,False,0.58616042137146,5210,6760,5860,0.00262270091150235,0.0248960815370083,11.6297492980957,467.131713867188,0.0020263159875,114046440,133,9893078016.0,66441600.0,772699136.0,1654135.5,0.08139096
856,1,633276424,False,0.240656569600105,5850,6870,3280,6.21088232315876e-05,2.66599731782908e-05,0.0154983771699504,581.335062353729,4.79856856445312e-05,114046440,631,347625865216.0,1469318368.0,22772050.25,39171.98828125,1.7999150008
857,3,633277335,False,0.272069215774536,6090,510,6600,0.000270545218316076,0.000373730231799594,0.197225746901217,527.722218113134,0.000209025016467285,114046440,671,108849463296.0,456566400.0,90046649.25,170632.666503906,0.55929384
858,3,633277233,False,0.595830321311951,7810,980,7830,9.99343548997843e-05,6.67754531703877e-05,0.0579693570690993,868.123753816865,7.72099403884888e-05,114046440,533,292371066624.0,943887608.0,54716557.78125,63028.5227661133,1.1562623198
859,1,633276450,False,0.0,0,0,0,0.0,0.0,0.0,0.0,0.0,114046440,600,42882748416.0,147310208.0,0.0,0.0,0.1804550048
860,2,633275365,False,0.61861515045166,12750,6730,7150,0.0317633582473242,0.0218622936381858,11.5359038476347,527.662103462259,0.02454057965625,114046440,395,147995598848.0,916332320.0,10570721536.0,20033126.25,1.122507092
861,3,633277748,False,0.406978040933609,8610,4380,8130,0.000812556954581182,0.000132219300125968,0.0934999118756546,707.157818764547,0.0006277868515625,114046440,10703,1134548615168.0,3875977728.0,362403576.0,512479.0625,4.7480727168
862,3,633277170,False,0.514365434646606,12690,6530,7880,0.00213020357188616,0.000888093164126057,0.449606394391261,506.260393112815,0.00164580930117187,114046440,429,242332049408.0,1512811776.0,680169848.0,1343517.796875,1.8531944256
863,1,633276175,False,0.117719277739525,9250,1580,3710,2.09332126308186e-05,2.14876854442991e-05,0.0116110425442457,540.358032226562,1.61731378662109e-05,114046440,971,79874498560.0,614424576.0,7134110.0,13202.5615234375,0.7526701056
864,1,633276355,False,0.543573796749115,7930,5810,5690,0.00246227262516932,0.0448427423834801,36.421272277832,812.199890136719,0.0019023680375,114046440,732,8778515456.0,34631100.0,1261308672.0,1552953.5,0.0424230975
865,1,633276687,False,0.102929353713989,11760,6180,3310,8.65132822562558e-06,5.23083417647285e-06,0.000713609508238733,136.42366027832,6.68407313232422e-06,114046440,229,2852703296.0,1043119744.0,744380.1875,5456.38623046875,1.2778216864
866,3,633277588,True,0.782525777816772,6780,5230,7310,0.000607794963492983,0.59443414098639,2389.02643777095,4018.99264030605,0.000469586389453125,114046440,983,1800111552.0,644875.1875,1540623872.0,383335.828125,0.0007899721046875
867,3,633276899,False,0.399871528148651,8530,3090,7550,0.000291220400283495,0.0178205154151871,8.68928290060931,487.599976665327,0.000224998798144531,114046440,75,1462820672.0,10306800.0,89558701.0,183672.48828125,0.01262583
868,3,633277671,False,0.0970952287316322,9120,3010,8070,1.56340034260123e-05,1.19516404354071e-05,0.00323798204185573,270.923649297808,1.20789339538574e-05,114046440,1084,248269463552.0,825020992.0,2671403.15625,9860.35424804688,1.0106507152
869,2,633275486,False,0.096600167453289,10350,1840,8770,8.02019899269918e-06,8.89700368134072e-06,0.00398324336856604,447.706146240234,6.19645853271484e-06,114046440,593,158401216512.0,568543488.0,2264647.0,5058.33349609375,0.6964657728
870,3,633277052,False,0.963948011398315,4230,3930,5900,0.161754428704244,0.0318046584843789,25.2069947061203,792.556685320198,0.124972536325,114046440,275,741129660416.0,3207655792.0,80855362568.0,102018397.0,3.9293783452
871,3,633277299,False,0.459116607904434,6280,1470,7890,0.00664497225083,0.00587738855727526,4.87095738817938,828.76218591162,0.00513394929986038,114046440,625,312796823552.0,713068224.0,3473324933.96875,4190979.02029419,0.8735085744
872,2,633275617,False,0.999898910522461,7010,5360,7210,0.0161376725702866,0.222508060601487,530.534207110609,2384.33702435975,0.01246807205,114046440,760,48115007488.0,45742244.0,24267825152.0,10178018.0,0.0560342489
873,2,633275710,False,0.499572098255157,10320,4130,5770,0.00147162177344999,0.0198831353336573,13.7970266342163,693.905944824219,0.00113698466875,114046440,880,12109515776.0,46680300.0,644049344.0,928150.75,0.0571833675
874,3,633277218,False,0.597298562526703,1260,5150,6740,0.000347015148745836,1.70275570236491e-05,0.00893166783279652,524.541942240544,0.000268106188061523,114046440,507,3169046626304.0,12853411328.0,114802400.5,218862.194335938,15.7454288768
875,3,633277436,False,0.0499220080673695,8090,330,7210,5.37497592036891e-07,1.97569335558952e-06,0.00107442835822145,543.823440607184,4.15274177551269e-07,114046440,805,44146364416.0,171584992.0,184355.78125,338.999328613281,0.2101916152
876,3,633277240,False,0.237908035516739,9150,6030,8630,9.10905756398703e-05,5.08463030370835e-05,0.030178621901222,593.526374556907,7.03771783203125e-05,114046440,543,291668230144.0,1129890560.0,34098540.0,57450.7578125,1.384115936
877,1,633276021,False,0.461632996797562,8730,4140,3460,0.00113528743941452,0.00905904266983271,5.63102674484253,621.591796875,0.0008771305484375,114046440,560581563,16871626752.0,79039800.0,445075232.0,716024.9375,0.096823755
878,2,633275852,False,0.556956708431244,5890,3840,10100,0.000176515490316334,0.000211963328183629,0.216373085975647,1020.80432128906,0.0001363770296875,114046440,1035,231794573312.0,525223808.0,113644296.0,111328.1875,0.6433991648
879,1,633276507,False,0.356682360172272,6250,1690,4500,0.000420402681478989,0.01182596758008,5.45895624160767,461.607574462891,0.00032480587890625,114046440,510,5002667008.0,22420800.0,122394168.0,265147.65625,0.02746548
880,3,633276903,False,0.461153596639633,3570,3060,6760,0.00400514832943195,0.00603418271640803,3.43387720174553,569.070802647093,0.00309440396220703,114046440,84,119424749568.0,418622400.0,1437497915.5,2526044.05078125,0.51281244
881,3,633277560,False,0.609151244163513,12290,6760,6570,0.00253065673159036,0.00345792777890636,1.26035046756023,364.481431696888,0.00195520204824219,114046440,955,42157807616.0,461572192.0,581742728.0,1596083.3046875,0.5654259352
882,3,633277463,False,0.208273634314537,5450,2920,10020,3.18197451909886e-05,3.47905954320002e-05,0.0223838984725893,643.389346880815,2.45841445800781e-05,114046440,838,232988131328.0,576842368.0,12911981.0,20068.689453125,0.7066319008
883,3,633277225,False,0.216745480895042,7380,3620,9730,0.000146728746669177,0.000365789356299939,0.230196907551562,629.315488783129,0.00011336359548191,114046440,520,71848964096.0,252991808.0,58237931.8374786,92541.7105974779,0.3099149648
884,2,633276700,False,0.129523932933807,9840,2830,10050,1.62728764975382e-05,6.09866910963319e-05,0.0270461104810238,443.475646972656,1.25725314941406e-05,114046440,312782636,50081239040.0,168287392.0,4551519.5,10263.291015625,0.2061520552
885,1,633276594,False,0.734318196773529,13050,5790,5340,0.0659494298529124,0.00298500945791602,1.63044250011444,546.210144042969,0.0509529636,114046440,354,1832489375136.0,13934380032.0,22719205376.0,41594256.0,17.0696155392
886,3,633277476,False,0.578505337238312,8830,1590,5350,0.0207364080155018,0.022621215011522,19.0854202779606,843.695631213424,0.016021085325,114046440,851,180435836928.0,578149184.0,11034220160.0,13078437.0,0.7082327504
887,3,633277263,False,0.582984507083893,8990,3180,7710,0.000778797642787662,0.00620707678229104,2.85142877722934,459.383519366885,0.000601704185058594,114046440,580,13464297984.0,79133400.0,225643254.0,491187.08984375,0.096938415
888,2,633275827,False,0.637995004653931,6180,470,7120,0.0105140088424339,0.0716589689254761,57.2095146179199,798.358032226562,0.0081231924375,114046440,1006,31135014912.0,92538000.0,5294053888.0,6631177.5,0.11335905
889,1,633276214,False,0.0,0,0,0,0.0,0.0,0.0,0.0,0.0,114046440,182305705,49467367424.0,116090096.0,0.0,0.0,0.1422103676
890,3,633277290,False,0.897983372211456,6710,6460,6810,0.0529217990298785,0.0708815798191696,65.6875960979787,926.723081872023,0.040887730275,114046440,614,138645557248.0,470894400.0,30931921152.0,33377739.0,0.57684564
891,1,633276434,False,0.378496766090393,7250,1950,5640,0.000523429385807977,0.000720290563741984,0.337962606268905,469.203156727689,0.000404404988818359,114046440,618,70220966400.0,458324096.0,154896406.0,330126.521484375,0.5614470176
892,2,633275136,False,0.174022912979126,11130,5720,8490,2.45722725167771e-05,5.62554560019635e-05,0.0279937256127596,497.617980957031,1.89846994873047e-05,114046440,96,68891213824.0,275488192.0,7711941.0,15497.7138671875,0.3374730352
893,1,633276586,False,0.469018489122391,6430,4900,5420,0.00466487116671162,0.0213428009301424,16.296537399292,763.561340332031,0.00360411016875,114046440,366,43597410304.0,137851200.0,2246497280.0,2942130.75,0.16886772
894,2,633275348,False,0.0902488455176353,9180,3870,9950,7.56589560130802e-06,0.000806511263363063,0.406084358692169,503.507354736328,5.8454607421875e-06,114046440,368,1350486784.0,5916600.0,2402638.75,4771.8046875,0.007247835
895,1,633276538,False,0.185038298368454,10980,6020,3870,5.73482712591324e-05,8.06695243227296e-05,0.0339846573770046,421.282470703125,4.43076518554687e-05,114046440,445,67277090816.0,448366496.0,15237581.0,36169.51171875,0.5492489576
896,3,633277709,False,0.422382444143295,7980,3780,10560,0.000113797010794324,0.000113664159422071,0.0769529865062455,677.020680023637,8.79203195800781e-05,114046440,1127,159212412928.0,631436416.0,48590918.0,71771.689453125,0.7735096096
897,3,633277071,False,0.626508116722107,6250,5870,8810,0.00588843731016444,0.00536178190009259,5.16517142165207,963.33113093669,0.004549445425,114046440,303,254485037056.0,692649024.0,3577650944.0,3713833.0,0.8484950544
898,1,633276049,False,0.0,0,0,0,0.0,0.0,0.0,0.0,0.0,114046440,204,25921269760.0,124780496.0,0.0,0.0,0.1528561076
899,2,633275882,False,0.438663154840469,8110,3620,7830,0.000606358784721837,0.00490984180942178,2.55955266952515,521.310607910156,0.00046847678828125,114046440,1072,19688474624.0,77890496.0,199364832.0,382430.03125,0.0954158576
900,2,633276030,False,0.000458859227364883,8750,2130,9380,1.02740006547511e-09,9.73298774908926e-09,8.01024816610152e-06,823.0,7.93776053190231e-10,114046440,312782590,29438015488.0,66575700.0,533.287902832031,0.647980451583862,0.0815552325
901,1,633276453,False,0.294766932725906,3810,4860,5350,0.000180512703027839,0.000349749461747706,0.199572920799255,570.616760253906,0.000139465302539062,114046440,597,81676951552.0,325516512.0,64964280.0,113849.2265625,0.3987577272
902,1,633276459,False,0.294766932725906,3810,4860,5350,0.000198057459628432,0.000192636072057974,0.104179748135058,540.811214753719,0.000153020496972656,114046440,589,143623671808.0,648449120.0,67555266.0,124914.69140625,0.794350172
903,3,633277141,False,0.608535885810852,6390,4150,9940,0.0052675706976634,0.000409328649250876,0.276636449686655,675.829679141528,0.00406975979348239,114046440,378,2785624956928.0,8116345872.0,2245277106.45901,3322252.89263868,9.9425236932
904,3,633277691,False,0.441517442464828,4310,3620,8490,0.000428151124962431,0.000181656517909038,0.11789479802383,648.998447073969,0.00033079237734375,114046440,1102,458117857280.0,1486512000.0,175252032.0,270034.59375,1.8209772
905,3,633277376,False,0.679857730865479,2860,3460,4080,0.00103037185854986,0.000264673028520007,0.191405439067376,723.176970988216,0.000796072080080867,114046440,723,811709381120.0,2455311608.0,469959996.376465,649854.759249687,3.0077567198
906,1,633276222,False,0.2889803647995,11730,3130,4150,2.36304839372067e-05,4.924249194674e-06,0.00364354491225447,739.918872545133,1.82570674316406e-05,114046440,928,1299407699968.0,3026599168.0,11027550.0,14903.728515625,3.7075839808
907,3,633277778,False,0.409383922815323,1860,3740,7150,4.61394543041354e-05,4.95887714827481e-05,0.0482589300320639,973.182609471442,3.56476460968018e-05,114046440,151,101594014720.0,586828800.0,28319730.0,29100.1192626953,0.71886528
908,2,633276018,False,0.715299129486084,6230,2110,6820,0.00539232235350815,0.000318677944718942,0.259809612260993,815.273276881876,0.00416614374393463,114046440,1080,3441981304832.0,10672008292.0,2772690336.39062,3400933.66851807,13.0732101577
909,1,633276464,False,0.108222052454948,2520,3730,5450,9.01960358950637e-06,3.98824486183003e-05,0.0215542875230312,540.445434570312,6.96860510253906e-06,114046440,582,41811427328.0,142635600.0,3074408.75,5688.6572265625,0.17472861
910,1,633276560,False,0.230493992567062,6620,6210,3030,8.02228698397164e-06,6.15369790466502e-05,0.0446960255503654,726.327880859375,6.19807172851562e-06,114046440,1105,25382025216.0,82221296.0,3674965.0,5059.650390625,0.1007210876
911,1,633276547,False,0.0,0,0,0,0.0,0.0,0.0,0.0,0.0,114046440,433,36445102080.0,102358800.0,0.0,0.0,0.12538953
912,2,633275398,False,0.149503543972969,5990,2660,5710,3.57379037813172e-05,0.000774119049310684,0.319123953580856,412.241424560547,2.76113396972656e-05,114046440,449,2405868800.0,29116800.0,9291868.0,22539.869140625,0.03566808
913,1,633276767,False,0.151188239455223,4580,5160,1660,3.91522286066401e-05,0.000130021362565458,0.0266230311244726,204.758895874023,3.024926953125e-05,114046440,120,41571397632.0,189917104.0,5056169.0,24693.28125,0.2326484524
914,3,633277638,False,0.145222291350365,12730,5060,5230,8.58460432387799e-05,0.000737024992053672,0.313617590686835,425.518257953452,6.63252180664062e-05,114046440,1039,10470933504.0,73461600.0,23038850.0,54143.03515625,0.08999046
915,2,633275663,False,0.696230053901672,9380,4700,10420,0.00216845839237288,0.000164240906777955,0.118517154469746,721.605578018238,0.00167536522728271,114046440,822,2379171725312.0,8327067296.0,986900321.0,1367645.08349609,10.2006574376
916,1,633276561,False,0.0328075923025608,8520,1730,2540,3.47226459927098e-07,3.97068440226264e-07,0.000276721464472235,696.91125367342,2.68269448471069e-07,114046440,409,188401065472.0,551530784.0,152620.40625,218.995468139648,0.6756252104
917,3,633276953,False,0.728220403194427,7680,6010,6310,0.00816016923809266,0.0268904001318925,26.5110105223101,985.891262022076,0.006304600465625,114046440,606826647,42689146880.0,191392192.0,5074000416.0,5146612.625,0.2344554352
918,3,633277312,False,0.551724135875702,10310,6910,6430,0.00127458665535475,0.00578288278166822,1.52273427114086,263.317505927656,0.000984754039575195,114046440,642,10398921728.0,139010400.0,211675900.125,803880.848632812,0.17028774
919,1,633276527,False,0.355223089456558,7470,3550,2520,0.000483549607210147,0.000486642587929964,0.250787764787674,515.342834472656,0.000373593609375,114046440,466,110335090688.0,626690688.0,157166352.0,304974.375,0.7676960928
920,2,633275379,False,0.391892850399017,6420,2140,6330,0.000322682324002391,0.00095025880727917,0.986287415027618,1037.91455078125,0.0002493064875,114046440,423,88094408704.0,214168496.0,211231696.0,203515.5,0.2623564076
921,1,633276089,False,0.0462516061961651,3770,3670,3680,4.14596960584886e-07,7.8966104410938e-06,0.0035249583888799,446.388793945312,3.2032034072876e-07,114046440,1085,5159795712.0,33113700.0,116724.4140625,261.485992431641,0.0405642825
922,3,633277183,False,0.694485068321228,10650,5570,7460,0.00285976835929971,0.00201136099352833,1.19714209533622,595.19007238785,0.00220947585810547,114046440,445,139880009728.0,896732992.0,1073516813.0,1803653.76171875,1.0984979152
923,1,633276301,False,0.0,0,0,0,0.0,0.0,0.0,0.0,0.0,114046440,821,305354276864.0,899568000.0,0.0,0.0,1.1019708
924,3,633276979,False,0.599010765552521,6550,4670,5690,0.0160488616196989,0.124006794520279,112.973264236517,911.024792420079,0.012399456125,114046440,189,35741154304.0,81624600.0,9221397504.0,10122005.0,0.099990135
925,3,633276972,False,0.829975664615631,7560,4170,8190,0.025601586692824,0.0442177574066852,46.4810953543857,1051.18617678603,0.0197799543949219,114046440,178,106547933184.0,365167808.0,16973399704.0,16146901.546875,0.4473305648
926,1,633276544,False,0.319132745265961,11840,6180,3300,0.000170858933831002,0.000129555191961117,0.0762277692556381,588.380676269531,0.000132006736914062,114046440,437,123668799488.0,831773696.0,63404256.0,107760.6015625,1.0189227776
927,1,633275969,False,0.48865795135498,10150,5560,4740,0.004933943152734,0.00294382544234395,0.988391280174255,335.750640869141,0.00381199695625,114046440,1093,111686623232.0,1057071616.0,1044800384.0,3111834.25,1.2949127296
928,3,633277758,False,0.745334386825562,8530,3160,6580,0.380407850396902,0.0471621697499003,50.8320187866867,1077.81340545288,0.29390560915625,114046440,294,2273798144000.0,5087190592.0,258592167744.0,239922946.25,6.2318084752
929,2,633275634,False,0.961410641670227,6830,5030,7580,0.072393344277639,0.0274633169174194,10.9062194824219,397.119537353516,0.0559315743,114046440,784,106698114368.0,1662524160.0,18131853312.0,45658428.0,2.036592096
930,2,633275789,False,0.0952635928988457,2660,4030,6110,6.95280809942106e-06,2.53035086643649e-05,0.0164780747145414,651.216979980469,5.37178530273437e-06,114046440,969,73351618560.0,173301296.0,2855671.75,4385.130859375,0.2122940876
931,2,633275529,False,0.551724135875702,10310,6910,6430,0.00126213583410731,0.0114527847617865,3.02827215194702,264.413604736328,0.000975134453125,114046440,642,5442866176.0,69505200.0,210480656.0,796028.125,0.08514387
932,1,633276455,False,0.685261964797974,7040,3460,5200,0.00799704136872097,0.0668664276599884,45.5770149230957,681.612854003906,0.0061785668,114046440,595,14460070912.0,75429904.0,3437869824.0,5043728.0,0.0924016324
933,2,633275505,False,0.658648014068604,9890,3570,6780,0.0255773032536806,0.0650093406438828,47.8608512878418,736.215026855469,0.01976119285,114046440,616,67680452608.0,248142592.0,11876316160.0,16131586.0,0.3039746752
934,1,633276709,False,0.493632674217224,11750,5040,4910,0.000655750788850075,0.000505778356455266,0.317744523286819,628.228759765625,0.00050663737578125,114046440,202,198599983104.0,817713024.0,259823824.0,413581.53125,1.0016984544
935,2,633275812,False,0.116297878324986,11490,3620,6600,7.64256908727404e-06,2.1336065401556e-05,0.0111351571977139,521.893676757812,5.90469918212891e-06,114046440,989,43220307968.0,225916192.0,2515612.25,4820.16259765625,0.2767473352
936,3,633276938,False,0.339897245168686,3750,3150,6640,0.000388095321229396,0.0127278291705524,6.34558880881068,498.560180513116,0.00029984499972229,114046440,132,3768399104.0,19231200.0,122033287.5,244771.428344727,0.02355822
937,3,633277117,True,0.0353970490396023,6760,6020,7400,1.53404189434814e-07,0.806716833394318,1765.64425203094,2188.67907417013,1.18521086502075e-07,114046440,349,248985.09375,119.932922363281,211758.875,96.7519073486328,1.4691782989502e-07
938,3,633277678,False,0.2889803647995,11730,3130,4150,8.23793026325483e-05,8.58332431371451e-06,0.00491899956803266,573.087930532118,6.36467914550781e-05,114046440,1091,2574890041344.0,6053198336.0,29775680.0,51956.564453125,7.4151679616
939,2,633275714,False,0.462886959314346,7770,1980,5890,0.0018692998015281,0.000602674103593583,0.34552652429205,573.322334959754,0.00144423333085937,114046440,886,696859219456.0,1956224728.0,675927531.0,1178965.984375,2.3963752918
940,1,633276564,False,0.107456095516682,8280,1790,1790,5.47739878257672e-06,1.01248042460444e-05,0.00943679352451694,932.047010015402,4.23187435302734e-06,114046440,402,111758199296.0,341200800.0,3219841.5,3454.59130859375,0.41797098
941,3,633277223,False,0.595671117305756,5480,5930,6070,0.00646749254552783,0.0111516900457437,7.40378329604441,663.915806991984,0.00499682731132812,114046440,515,105406181376.0,365777984.0,2708140928.0,4079042.703125,0.4480780304
942,3,633277289,False,0.147205680608749,8950,1730,9000,2.60439150106566e-06,5.8027660138129e-06,0.00450129009173822,775.71456112884,2.01217001647949e-06,114046440,613,108692021248.0,283069792.0,1274179.25,1642.58776855469,0.3467604952
943,1,633276698,False,0.430384576320648,8410,4090,4220,0.00174731299993382,0.0019192062318325,1.30480897426605,679.869079589844,0.001349985525,114046440,215,153540395008.0,574210816.0,749235456.0,1102029.0,0.7034082496
944,3,633277525,False,0.696230053901672,9380,4700,10420,0.00112020321199697,0.000123079610919823,0.0882035467677602,716.63816702523,0.000865476375046539,114046440,918,1399008280576.0,5740279168.0,506312982.054688,706511.326568604,7.0318419808
945,2,633275074,False,0.634212851524353,10470,1410,7250,0.00384353883306849,0.00121175272363864,0.935348096071691,771.896838212202,0.0029695434015625,114046440,4,787519684608.0,2000504736.0,1871168296.0,2424117.0625,2.4506183016
946,1,633276440,False,0.0628369674086571,9200,5300,3720,7.51329943405666e-06,1.45489466376603e-05,0.00623299228027463,428.415374755859,5.80482459716797e-06,114046440,612,63008636928.0,325702784.0,2030102.875,4738.63232421875,0.3989859104
947,1,633276777,False,0.0930664539337158,10420,6780,4610,1.47223234947851e-05,0.000105700048152357,0.0299185402691364,283.051361083984,1.13745640380859e-05,114046440,105,8917556224.0,87846304.0,2628233.25,9285.3583984375,0.1076117224
948,1,633276563,False,0.597778141498566,6150,6810,3940,0.000510947174240127,0.000353015057044104,0.273505866527557,774.771118164062,0.00039476115,114046440,403,230439862272.0,912861888.0,249673088.0,322254.0,1.1182558128
949,1,633276790,False,0.448941171169281,12420,7030,5510,0.000444178078358864,0.00121647247578949,0.624389708042145,513.278930664062,0.00034317490703125,114046440,83,29739460608.0,230291104.0,143791392.0,280142.78125,0.2821066024
950,2,633275681,False,0.550445199012756,8950,1470,6180,0.00521262153989316,0.00633728131651878,5.84415531158447,922.1865234375,0.0040273057125,114046440,842,188338470912.0,518770816.0,3031777280.0,3287596.5,0.6354942496
951,2,633275898,False,0.608535885810852,6390,4150,9940,0.000495887847250748,0.000318008911563084,0.285926818847656,899.115783691406,0.00038312621484375,114046440,1090,401208541184.0,983482176.0,281203936.0,312756.09375,1.2047656656
952,3,633276907,False,0.0267112459987402,9350,6260,3950,7.99793384786148e-07,9.4118684316173e-06,0.000833925311144347,88.6035878214086,6.17925633525848e-07,114046440,93,354818680.0,53595000.0,44694.2270507812,504.429088592529,0.065653875
953,1,633276033,False,0.549921631813049,5030,3090,5290,0.00624508788444186,0.0155301569029689,9.49288272857666,611.254821777344,0.00482499600625,114046440,250,53385973760.0,253620896.0,2407593472.0,3938772.25,0.3106855976
954,1,633276290,False,0.0323833525180817,7020,4790,720,2.88505890855612e-06,1.56412097567227e-05,0.000950758520048112,60.7854843139648,2.22901550292969e-06,114046440,836,19214422016.0,116334000.0,110605.5390625,1819.6044921875,0.14250915
955,3,633277518,False,0.696230053901672,9380,4700,10420,0.00153143856072975,9.41657792837726e-05,0.0647887277258142,688.028371013323,0.00118319951233139,114046440,909,2556339527680.0,10257199168.0,664550884.125,965877.152923584,12.5650689808
956,3,633277455,True,1.0,6880,5860,6360,0.00214795680864759,0.858079410277142,2729.90455704437,3181.4124944015,0.00165952556875,114046440,830,4632718848.0,1578775.5,4309906432.0,1354714.75,0.0019339999875
957,2,633275346,False,1.0,7420,5570,6700,0.0517522098809376,0.516459286212921,1440.56848144531,2789.31640625,0.039984098,114046440,364,126150367232.0,63199712.0,91043512320.0,32640080.0,0.0774196472
958,2,633276001,False,0.676025092601776,8460,5200,5990,0.0022967234353378,0.148094475269318,191.615447998047,1293.87292480469,0.00177446364375,114046440,607344830,5709636096.0,9781200.0,1874228992.0,1448541.75,0.01198197
959,1,633276829,False,0.481402039527893,7310,1310,3730,8.74751783969404e-05,4.99022214204159e-05,0.0426703247315801,855.078662171998,6.75838986129761e-05,114046440,22,353360668160.0,1105572616.0,47175142.5390625,55170.5294799805,1.3543264546
960,3,633277459,False,0.315183639526367,8440,1860,5790,0.000172030769965131,0.000333724208284409,0.270353115587104,810.109392354006,0.000132912105224609,114046440,834,97839460352.0,325117792.0,87896608.0,108499.677734375,0.3982692952
961,1,633276458,False,0.076604537665844,8070,1730,4780,2.07127418104236e-06,4.40028861703468e-06,0.00162471912335604,369.230102539062,1.60028006591797e-06,114046440,590,104740487168.0,296878496.0,482344.15625,1306.35107421875,0.3636761576
962,1,633275944,False,0.340184062719345,7440,4230,3260,3.71347041364146e-05,0.000127744773635641,0.0814441666007042,637.553771972656,2.86905168457031e-05,114046440,484682524,24768417792.0,183340800.0,14932039.0,23420.830078125,0.22459248
963,1,633276472,False,0.0,0,0,0,0.0,0.0,0.0,0.0,0.0,114046440,573,31767449600.0,80587800.0,0.0,0.0,0.098720055
964,2,633275315,False,0.963948011398315,4230,3930,5900,0.00677451494427708,0.256645262241364,508.299468994141,1980.552734375,0.0052340348375,114046440,333,16630327296.0,16648200.0,8462270976.0,4272681.5,0.020394045
965,3,633277547,False,0.328107863664627,6830,1640,7880,0.00147900079615499,0.00352363698071265,2.19431301773178,622.740943446447,0.00114268575026245,114046440,182305709,89489227776.0,264727808.0,580895675.25,932804.694091797,0.3242915648
966,3,633277620,False,0.146498173475266,11220,3920,1830,2.30187245588006e-05,1.49283183826775e-06,0.000406442346325612,272.262646003878,1.77844181091309e-05,114046440,1017,3416612470784.0,9725068800.0,3952679.78125,14517.8923339844,11.91320928
967,2,633275234,False,0.428844839334488,11740,5170,7070,0.000803271675198942,0.00150297640357167,0.757869184017181,504.245574951172,0.00062061298359375,114046440,225,64223031296.0,337079712.0,255462320.0,506622.84375,0.4129226472
968,1,633276636,False,0.189909115433693,6950,5400,3110,5.053583934715e-05,0.000207669829251245,0.0894288346171379,430.6298828125,3.90443221191406e-05,114046440,301,18732538368.0,153478800.0,13725430.0,31872.916015625,0.18801153
969,1,633276162,False,0.592597544193268,6030,1310,4570,0.00175238110171753,0.000216367219580466,0.122142416301302,564.514423849117,0.00135390117379761,114046440,985,1734401208320.0,5108100248.0,623915707.0,1105225.44799805,6.2574228038
970,3,633277137,False,0.500705242156982,11360,3850,4330,7.94217686720902e-05,0.00104093933650865,0.476440555306185,457.702517904824,6.136178125e-05,114046440,372,5570092288.0,48121200.0,22926891.25,50091.25,0.05894847
971,3,633277081,True,1.0,6100,1360,7040,0.055908537237819,0.90144082755882,3834.48489397676,4253.72889351026,0.0431953038739126,114046440,315,154924862561.875,39116791.1105423,149992744614.219,35261472.5501328,0.0479180691104143
972,2,633275411,False,0.133174926042557,8260,1250,7520,7.75634177300875e-06,0.000388303014915437,0.272016108036041,700.525390625,5.99260070800781e-06,114046440,469,2859902464.0,12598200.0,3426913.5,4891.9189453125,0.015432795
973,3,633277321,False,0.00419342657551169,5600,1900,8810,6.38797203899426e-09,8.16696744643128e-09,4.88407102519723e-06,598.02748783227,4.93538924455643e-09,114046440,654,247524360192.0,493315200.0,2409.38647460938,4.02888917922974,0.60431112
974,1,633275999,False,0.194609358906746,10140,5850,4040,8.46573080785121e-05,0.00167805305682123,0.76953262090683,458.586547851562,6.54067934570312e-05,114046440,549009223,4989581824.0,31818600.0,24485450.0,53393.30078125,0.038977785
975,3,633276924,False,0.565186738967896,9650,3780,6020,0.000704568083638591,0.0680277031474848,93.2445963075227,1370.68564707186,0.0005443539390625,114046440,115,2853747712.0,6532200.0,609092352.0,444370.5625,0.008001945
976,2,633275432,False,0.965623438358307,6110,1850,7060,0.00434792493641049,0.129298731684685,110.271514892578,852.842956542969,0.003359235425,114046440,510,8523105792.0,21208506.0,2338694144.0,2742233.0,0.02598041985
977,3,633277407,True,1.0,6230,1750,6910,0.00510885922780021,0.643691473934473,2519.92033449384,3914.79526533292,0.0039471382671875,114046440,768,14054352896.0,5005742.375,12614072000.0,3222153.6875,0.006132034409375
978,3,633277447,False,0.356419652700424,10150,2570,6710,0.0010595038108903,0.000560866224123846,0.52832841846617,941.986512544049,0.000818579618212891,114046440,820,502304718848.0,1191421824.0,629462008.0,668228.259765625,1.4594917344
979,1,633275258,False,0.0,0,0,0,0.0,0.0,0.0,0.0,0.0,114046440,312782594,10280685568.0,35704800.0,0.0,0.0,0.04373838
980,1,633276272,False,0.202063649892807,12480,5010,4960,9.43356283985358e-05,0.00473758298903704,2.77607464790344,585.968566894531,7.28843274414062e-05,114046440,859,2593868288.0,12558600.0,34863612.0,59497.41015625,0.015384285
981,1,633276119,False,0.384730100631714,8250,4240,3280,0.000450440373731639,0.010325076058507,5.39221382141113,522.244445800781,0.00034801319765625,114046440,1044,4595129344.0,27514800.0,148365680.0,284092.40625,0.03370563
982,1,633276122,False,0.145222291350365,12730,5060,5230,2.60042660150941e-05,0.000446515477960929,0.200747713446617,449.587341308594,2.00910670898437e-05,114046440,1039,4808934400.0,36730800.0,7373624.0,16400.87109375,0.04499523
983,3,633277631,False,0.903890490531921,5480,790,7580,0.0206613075646381,0.0483321834529085,57.9961588850595,1199.94907620027,0.0159630622223328,114046440,1030,110234628096.0,269614784.0,15636621850.625,13031071.2019043,0.3302781104
984,1,633276528,False,0.304355591535568,6420,2290,5530,0.000408044646940481,9.13073017727584e-05,0.0732175558805466,801.880554199219,0.000315257980078125,114046440,463,893495345152.0,2818541824.0,206366736.0,257353.453125,3.4527137344
985,2,633276013,False,0.587611496448517,7240,990,7070,0.00294003612133888,0.0028632032303259,1.8546216694986,647.743635469249,0.00227149125939941,114046440,312782546,222571716096.0,647623808.0,1201097148.0,1854278.57910156,0.7933391648
986,3,633276897,False,0.783104479312897,7610,2870,5890,0.00922627229249572,0.00108493780194556,0.904426613195417,833.620703024225,0.00712827870281372,114046440,73,205633621596.0,5363443888.0,4850841390.6875,5819003.02270508,6.5702187628
987,2,633275791,False,0.22486375272274,7720,1970,5980,0.000192440448784255,0.000197537752683274,0.0896394178271294,453.783721923828,0.000148680757421875,114046440,971,71598473216.0,614424576.0,55076660.0,121372.046875,0.7526701056
988,2,633275456,False,1.0,7280,3050,6020,1.34888262971422,0.0941391661763191,164.145645141602,1743.64892578125,1.0421555984,114046440,549,4347094792419.0,9037038592.0,1483390582784.0,850739264.0,11.0703722752
989,2,633275654,False,0.421258598566055,10300,1920,6970,7.71017246921648e-05,9.59211029112339e-05,0.0865054056048393,901.839111328125,5.95693e-05,114046440,811,238109638656.0,506958304.0,43854632.0,48628.0,0.6210239224
990,2,633275235,False,0.997242391109467,5410,5980,6840,0.0800091199326482,0.200253397226334,319.113006591797,1593.54614257812,0.0618155727,114046440,226,201085829120.0,251989200.0,80413032448.0,50461692.0,0.30868677
991,3,633276915,False,0.999898910522461,7010,5360,7210,0.0176947747647617,0.115881420562763,258.507873005354,2230.79654831588,0.0136710994546875,114046440,102,56857184256.0,96306044.0,24895870592.0,11160081.1875,0.1179749039
992,3,633276970,False,0.643071889877319,6090,7030,5960,0.0205524748653517,0.0958072334675408,65.3050765238003,681.629916241402,0.0158789773625,114046440,173,39276248064.0,135296992.0,8835580416.0,12962430.5,0.1657388152
993,3,633276931,False,0.527314484119415,10070,4880,3720,0.00420497280102933,0.0168187610315376,10.7593780142294,639.724768908607,0.00324878966425781,114046440,123,38024348672.0,157685408.0,1696596912.0,2652073.1953125,0.1931646248
994,3,633277191,False,0.15354710817337,8230,2410,9450,3.27039200758932e-06,0.000129936235467772,0.198538477529576,1527.96852098136,2.52672639160156e-06,114046440,456,3781865472.0,15874200.0,3151639.5,2062.6337890625,0.019445895
995,3,633277098,False,0.963948011398315,4230,3930,5900,0.00777904602494653,0.147350419264545,266.797297485614,1810.63141060101,0.0060101421625,114046440,333,21223444480.0,33296400.0,8883389536.0,4906238.5,0.04078809
996,2,633276041,False,0.614900171756744,5580,2340,7540,0.0218548444161903,0.0285423547029495,17.4105052947998,609.988403320312,0.01688519665,114046440,484682512,87720583168.0,482925600.0,8407978496.0,13783834.0,0.59158386
997,2,633275245,False,0.43453374505043,12890,5450,6100,0.000343352734634915,0.0516781955957413,29.2878818511963,566.735778808594,0.0002652765828125,114046440,237,928849536.0,4190400.0,122727944.0,216552.3125,0.00513324
998,3,633277408,False,0.994658768177032,6220,1810,6850,0.0608874979703811,0.00686301663164251,5.24739853389576,764.590677181546,0.0470420817086548,114046440,768,752198186176.0,5595454800.0,29361581314.0,38401699.3540039,6.85443213
999,1,633276275,False,0.1165437027812,6560,960,3400,3.14460717851549e-06,4.50207789981505e-06,0.00303986249491572,675.213195800781,2.42954420471191e-06,114046440,854,160234553344.0,440530208.0,1339151.25,1983.30139160156,0.5396495048
1000,1,633276066,False,0.666468799114227,5990,4320,5230,0.00264211705950657,0.0331941172480583,19.789665222168,596.179870605469,0.00204131703125,114046440,1113,13050574848.0,50201100.0,993462976.0,1666381.25,0.0614963475
1001,1,633276414,False,0.11144845187664,8340,6370,2380,1.59127696156432e-05,8.92934257401611e-06,0.00513096385345874,574.618322785549,1.2294310546875e-05,114046440,647,258871074816.0,1123954176.0,5766968.25,10036.171875,1.3768438656
1002,1,633276467,False,0.120551511645317,5030,5540,2640,1.14044929758054e-05,1.83833290066104e-05,0.00899119861423969,489.095245361328,8.81118634033203e-06,114046440,579,63681515520.0,391267808.0,3517966.75,7192.80517578125,0.4793030648
1003,2,633276669,False,0.0,0,0,0,0.0,0.0,0.0,0.0,0.0,114046440,312782598,1753923200.0,7261200.0,0.0,0.0,0.00889497
1004,2,633275840,False,0.703515768051147,7530,3310,7240,0.0259663634906832,0.0290537569671869,22.561559677124,776.545349121094,0.02006178335,114046440,1020,165559517184.0,563678080.0,12717456384.0,16376966.0,0.690505648
1005,2,633275737,False,0.438773423433304,8450,2670,7390,0.00139574993368158,0.00974329002201557,7.04642963409424,723.20849609375,0.0010783655859375,114046440,916,10068894720.0,90349200.0,636639296.0,880298.4375,0.11067777
1006,3,633277666,False,0.425889998674393,7890,3720,7790,0.00132482607426348,0.00335839290939375,1.76402663026789,525.259157537447,0.0010235693453125,114046440,1079,57741185024.0,248799600.0,438889120.0,835566.8125,0.30477951
1007,3,633277615,False,0.0087930615991354,6990,3840,10430,3.54274265145572e-08,1.36914602942461e-07,7.48825052447964e-05,546.928549880586,2.73714629173279e-08,114046440,1010,59249389568.0,163196992.0,12220.599609375,22.344051361084,0.1999163152
1008,1,633275978,False,0.491498559713364,8450,5200,5440,0.00025102329346367,0.0184451434761286,13.4558382034302,729.505737304688,0.000193942248828125,114046440,607344862,2486513152.0,8583300.0,115495496.0,158320.203125,0.0105145425
1009,1,633276117,False,0.0,0,0,0,0.0,0.0,0.0,0.0,0.0,114046440,1046,19843303424.0,62379000.0,0.0,0.0,0.076414275
1010,1,633276145,False,0.414731085300446,8350,3690,3170,0.00145251688158428,0.00143146087468064,0.806491774964681,563.40469322615,0.00112222410354137,114046440,1008,164067819520.0,639976492.0,516135776.96875,916101.309013367,0.7839712027
1011,3,633277513,False,0.693920195102692,5480,6630,6830,0.0833758014329853,0.0505824937626181,35.8562664149326,708.867114840261,0.0644166929875,114046440,904,279059046400.0,1039590016.0,37275816576.0,52585055.5,1.2734977696
1012,2,633275361,False,0.696418642997742,11720,5240,6540,0.0629415921816852,0.0111199755861763,8.71128512910731,783.390670383904,0.0486290884168701,114046440,386,666644272896.0,3569901276.0,31098427898.0,39697215.0341797,4.3731290631
1013,1,633276259,False,0.278931975364685,10520,4120,5330,0.000211382767543213,0.00285600032657385,1.71432185173035,600.252685546875,0.000163315717578125,114046440,880,9831037952.0,46680300.0,80025056.0,133318.953125,0.0571833675
1014,2,633275589,False,0.974980413913727,7080,4930,7390,0.059636392387201,0.095452643930912,156.453430175781,1639.06860351562,0.0460754693,114046440,718,188199785935.0,394044896.0,61649678336.0,37612628.0,0.4827049976
1015,1,633276396,False,0.0681657493114471,6340,510,4590,5.12399174364496e-06,1.41565287776757e-05,0.00634510675445199,448.210632324219,3.95882974853516e-06,114046440,671,55995404288.0,228283200.0,1448481.25,3231.69775390625,0.27964692
1016,2,633275899,False,0.19345323741436,10350,4110,7630,5.87488186953417e-05,1.22423998618615e-05,0.00619445415213704,505.983673095703,4.53897240234375e-05,114046440,1091,1275482341376.0,3026599168.0,18748130.0,37052.8359375,3.7075839808
1017,3,633277462,False,0.237359210848808,7130,4690,10600,3.3280702697272e-05,9.02148738022096e-05,0.057277423363172,634.899999846468,2.57128899658203e-05,114046440,836,41912764416.0,232668000.0,13326623.5390625,20990.1142578125,0.2850183
1018,1,633276077,False,0.378496766090393,7250,1950,5640,0.00218667886924582,0.000722753899597272,0.349050234534968,482.944795911116,0.00168944248764648,114046440,1099,266765910016.0,1908169192.0,666046904.0,1379136.72460938,2.3375072602
1019,1,633276789,False,0.115787222981453,3610,3270,4960,1.00298213024064e-05,3.0221988708945e-05,0.0201777052134275,667.649780273438,7.74910595703125e-06,114046440,84,58906603520.0,209311200.0,4223419.5,6325.80078125,0.25640622
1020,2,633275093,False,0.65017557144165,7800,3920,8160,0.00386857879859811,0.0792461484670639,62.8015403747559,792.486938476562,0.00298888944375,114046440,27,7936592384.0,30789000.0,1933596672.0,2439909.75,0.037716525
1021,2,633276012,False,0.41907474398613,8260,5390,5990,0.000476248385599309,0.0349946394562721,46.045337677002,1315.78259277344,0.0003679526375,114046440,607344862,3958410752.0,8583300.0,395220960.0,300369.5,0.0105145425
1022,3,633277096,False,0.97361022233963,7840,5690,6070,0.0851224370233635,0.0587234250913891,80.565487649208,1371.94803477193,0.0657661551414185,114046440,331,313961209344.0,914228984.0,73655303919.0,53686657.2583008,1.1199305054
1023,3,633277636,False,0.186553254723549,9060,2180,7480,6.27688682791334e-05,4.056649010275e-05,0.0199436486835768,491.628648006323,4.84956407928467e-05,114046440,1037,298245292032.0,975886208.0,19462731.6875,39588.2781982422,1.1954606048
1024,3,633277168,False,0.267090886831284,7420,4420,10460,3.09944056730628e-05,4.56162228816088e-05,0.032016740158601,701.871793324416,2.39464818359375e-05,114046440,427,100561694720.0,428535008.0,13720294.0,19548.1484375,0.5249553848
1025,3,633277164,False,0.134876027703285,8660,1410,9620,3.90791179444916e-06,1.47912723335783e-05,0.0110606672319802,747.783353759964,3.01927837524414e-06,114046440,421,49159852032.0,166633200.0,1843074.375,2464.71704101562,0.20412567
1026,1,633276126,False,0.207008138298988,11550,4110,2970,1.06647990353756e-05,5.96422023591003e-06,0.0052992319688201,888.503723144531,8.23969393310547e-06,114046440,1033,410725449728.0,1127772032.0,5976325.5,6726.28076171875,1.3815207392
1027,1,633276808,False,0.665000796318054,7370,3450,5210,0.0429982773523143,0.0376429017682462,30.6233028652938,813.521312831577,0.0332207521078125,114046440,51,193279106048.0,720427492.0,22061869280.0,27118981.3125,0.8825236777
1028,3,633277039,False,0.0,0,0,0,0.0,0.0,0.0,0.0,0.0,114046440,312782586,21657015296.0,51530400.0,0.0,0.0,0.06312474
1029,3,633277750,False,0.660513281822205,6650,5360,5660,0.0205872069503694,0.164568247667283,166.680803960486,1012.83696170524,0.0159058116,114046440,560581559,43007909888.0,78899400.0,13151015424.0,12984336.0,0.096651765
1030,2,633275434,False,0.24872313439846,13140,5090,6540,1.11992303499065e-05,0.000703492509402638,0.0716969692442532,101.915753595065,8.65259908447265e-06,114046440,514,324027968.0,10040400.0,719866.25,7063.34619140625,0.01229949
1031,1,633276485,False,0.0,0,0,0,0.0,0.0,0.0,0.0,0.0,114046440,545,351359.6875,900.0,0.0,0.0,1.1025e-06
1032,1,633276498,False,0.0535271167755127,6990,2540,950,4.70104073733378e-06,3.34628202836029e-05,0.00448840670287609,134.131164550781,3.63205501708984e-06,114046440,527,17744488448.0,88604096.0,397691.21875,2964.94287109375,0.1085400176
1033,2,633275800,False,0.976900160312653,7570,5940,6290,0.0147100808951189,0.15594108402729,242.321853637695,1553.93200683594,0.011365105325,114046440,980,39949123584.0,59494500.0,14416817152.0,9277637.0,0.0728807625
1034,1,633275210,False,0.0,0,0,0,0.0,0.0,0.0,0.0,0.0,114046440,312782652,3820141056.0,14726700.0,0.0,0.0,0.0180402075
1035,1,633276283,False,0.327253848314285,6040,1320,4570,0.00140421999685842,0.000684213184285909,0.383423358201981,560.385803222656,0.0010849096125,114046440,844,393124610048.0,1294392576.0,496300352.0,885640.5,1.5856309056
1036,3,633277717,False,0.587224841117859,7600,2990,5600,0.000357678426497248,0.017312667159752,9.51261684394714,549.459927587693,0.000276344706640625,114046440,599626923,1570206016.0,13030200.0,123951300.0,225587.515625,0.015961995
1037,1,633276347,False,0.751503884792328,8080,5120,4900,0.0278828648951726,0.0911752134561539,78.2244262695312,857.957092285156,0.02154248495,114046440,749,62788358144.0,192878096.0,15087777792.0,17585702.0,0.2362756676
1038,3,633277616,False,0.567439258098602,7340,3010,9490,0.0017963374622435,0.00103622402617529,0.701073071726444,676.565157743069,0.00138786214727173,114046440,1011,380545614336.0,1093343392.0,766513610.28125,1132948.69165039,1.3393456552
1039,3,633277701,False,0.107456095516682,8280,1790,1790,5.47739878257672e-06,3.68541630244872e-05,0.0343498124535935,932.047010015402,4.23187435302734e-06,114046440,1114,37545115648.0,93736800.0,3219841.5,3454.59130859375,0.11482758
1040,2,633275583,False,0.616383075714111,3210,3620,5780,6.61616228075208e-05,0.000613076728768647,0.620543479919434,1012.17919921875,5.11169052734375e-05,114046440,707,13882357760.0,68063400.0,42236300.0,41728.0859375,0.083377665
1041,2,633275925,False,0.555919289588928,6460,4580,5800,0.00320153920015965,0.10345683246851,86.1002807617188,832.23388671875,0.002473530259375,114046440,1120,7797082112.0,19517400.0,1680453632.0,2019208.375,0.023908815
1042,1,633276616,False,0.00454318942502141,4050,4580,2220,2.04896860290592e-08,3.10286623061984e-08,1.86888064490631e-05,602.307861328125,1.58304662942886e-08,114046440,328,118868312064.0,416480384.0,7783.521484375,12.9228296279907,0.5101884704
1043,3,633277559,False,0.709669530391693,7570,3280,1460,5.02136972097929e-05,0.000118187257656065,0.115297241329381,975.547141172406,3.87954329833984e-05,114046440,954,84525772800.0,267962400.0,30895325.5,31669.7412109375,0.32825394
1044,1,633276638,False,0.378262370824814,5550,2450,5540,7.47663331634871e-05,0.000208629251574166,0.180633783340454,865.812377929688,5.77649611328125e-05,114046440,296,79072436224.0,226023296.0,40827444.0,47155.0703125,0.2768785376
1045,2,633275665,False,1.0,7050,3080,6370,0.0914028985294964,0.156319165808202,363.551363963553,2325.69923261757,0.070618481040625,114046440,824,247101665446.906,368782288.0,134071303808.0,57647739.625,0.4517583028
1046,2,633275501,False,0.984005033969879,7450,2740,5960,0.00378065139115594,0.110876470804214,279.478088378906,2520.62548828125,0.00292095615,114046440,611,10972426240.0,21505500.0,6010315776.0,2384454.0,0.0263442375
1047,3,633277072,False,0.343006193637848,2110,2770,6040,0.000369697601032794,0.000615934378326819,0.308208546006025,500.391854799973,0.0002856308,114046440,304,113883807744.0,378559808.0,116675368.0,233168.0,0.4637357648
1048,2,633275942,False,0.729268014431,7780,4000,8070,0.00238110200393625,0.148321896791458,205.928558349609,1388.38940429688,0.00183965508125,114046440,563807439,5572922880.0,10125000.0,2085026688.0,1501759.25,0.012403125
1049,2,633275738,False,0.43453374505043,12890,5450,6100,0.000343352734634915,0.051678195995609,29.2878827796869,566.735781221454,0.0002652765828125,114046440,917,928849536.0,4190400.0,122727944.0,216552.3125,0.00513324
1050,1,633276387,False,0.529176652431488,7350,5260,4850,0.00618939493736045,0.00934046506881714,5.46435117721558,585.019165039062,0.00478196726875,114046440,685,85663727616.0,417928512.0,2283708160.0,3903646.75,0.5119624272
1051,1,633276132,False,0.0828542485833168,11780,4390,2370,5.92787651253931e-06,1.701384462649e-06,0.00110031804069877,646.719177246094,4.57991641235351e-06,114046440,1025,698598752256.0,2197449984.0,2417893.75,3738.70727539062,2.6918762304
1052,3,633277062,False,0.19857457280159,7140,870,3640,3.64675704088212e-05,0.000165088065862313,0.119641903531438,724.715641354852,2.81750849365234e-05,114046440,312782558,53568153600.0,139320000.0,16668510.0,23000.0693359375,0.170667
1053,3,633277313,False,0.0,0,0,0,0.0,0.0,0.0,0.0,0.0,114046440,643,42330333184.0,132251400.0,0.0,0.0,0.162007965
1054,3,633277562,False,0.276871979236603,13090,4980,5140,1.66858466423423e-05,5.33555809429162e-06,0.00413945436383295,775.824063889708,1.28915949462891e-05,114046440,957,777590964224.0,1972380544.0,8164579.25,10523.7509765625,2.4161661664
1055,1,633275888,False,0.458640068769455,7930,5790,5550,0.000481882707338871,0.008787433616817,7.06432676315308,803.912353515625,0.0003723057515625,114046440,606826659,10646103040.0,34586100.0,244327504.0,303923.0625,0.0423679725
1056,2,633276656,False,0.0,0,0,0,0.0,0.0,0.0,0.0,0.0,114046440,312782578,10961474560.0,33368400.0,0.0,0.0,0.04087629
1057,1,633276798,False,0.48211196064949,8300,4150,5290,0.000650105021480936,0.011428321711719,5.44988918304443,476.875732421875,0.00050227541875,114046440,67,6177506304.0,35877600.0,195528944.0,410020.75,0.04395006
1058,2,633275176,False,0.899682700634003,8970,5090,6690,0.129784419268051,0.0769765973091125,53.0837631225586,689.609130859375,0.1002722966,114046440,146,268040814592.0,1063374272.0,56447909888.0,81854936.0,1.3026334832
1059,3,633277179,False,0.19979564845562,7330,260,6140,0.000205513771978107,0.000172842527013802,0.0934377379149697,540.594606716833,0.000158781292973328,114046440,442,182974251008.0,749916032.0,70070457.65625,129617.382019043,0.9186471392
1060,2,633275090,False,0.66178160905838,5750,6550,7420,0.0232541325854051,0.0659261718392372,54.0290641784668,819.538940429688,0.0179662959,114046440,23,72986730496.0,222466496.0,12019656704.0,14666364.0,0.2725214576
1061,3,633277025,False,0.217715725302696,8030,1070,9230,1.34450457368723e-05,5.51831912943494e-05,0.0722983678887978,1310.15198999919,1.03877308349609e-05,114046440,312782604,45255137280.0,153666000.0,11109801.0,8479.7802734375,0.18824085
1062,2,633275169,False,0.915192723274231,6650,3140,6510,0.1236355472106,0.0563445410100244,50.779122127365,901.225233485011,0.095521637575,114046440,138,438105665536.0,1383929048.0,70274702144.0,77976847.0,1.6953130838
1063,3,633277253,False,0.374771147966385,8570,5980,9640,0.000301152918637777,0.000150236853312337,0.106313043266524,707.636248514224,0.000232672727203369,114046440,566,253110648832.0,1264249856.0,134406249.640625,189936.920166016,1.5487060736
1064,3,633277097,False,0.478912651538849,6170,6240,6100,0.00047444498978244,0.0535050065460385,46.4013836140614,867.234425513718,0.000366559322021484,114046440,332,2315171072.0,5592600.0,259504378.0,299232.099609375,0.006850935
1065,2,633275680,False,0.638606250286102,9720,7080,6080,0.00537337288035974,0.0251501854509115,5.19462203979492,206.544082641602,0.00415150325625,114046440,841,4201469952.0,134749792.0,699974208.0,3388982.25,0.1650684952
1066,1,633276728,False,0.0809858962893486,8190,3650,3210,6.30497560163481e-06,1.2233760521909e-05,0.00573732025167018,468.974379659913,4.87126565074921e-06,114046440,170,92267362304.0,325046692.0,1864896.96875,3976.5433883667,0.3981821977
1067,2,633275183,False,0.961598992347717,6210,3350,7130,0.0417290649480442,0.0575370937585831,111.520393371582,1938.23474121094,0.03224015025,114046440,155,214027108352.0,457417792.0,51011411968.0,26318490.0,0.5603367952
1068,3,633276845,False,0.301328808069229,4700,3880,8790,9.1221370448003e-05,0.000559506304666212,0.261047607377714,466.567767334541,7.047823125e-05,114046440,2,20193327104.0,102828600.0,26843160.0,57533.25,0.125965035
1069,2,633275517,True,0.977342188358307,6490,4770,6960,0.000790800844228683,0.536830723285675,1431.66101074219,2666.8759765625,0.0006109779375,114046440,629,1859852800.0,929077.75,1330124416.0,498757.5,0.00113812024375
1070,1,633276719,False,0.102685123682022,4820,4730,1890,1.16620560282563e-05,2.99733364954591e-05,0.0163018740713596,543.879211425781,9.01018125e-06,114046440,187,78025408512.0,245393104.0,4000367.5,7355.25,0.3006065524
1071,1,633276741,False,0.439274162054062,11430,5030,5540,0.000317938754668628,0.00162612956302823,1.02025082346212,627.410537670923,0.000245641574609375,114046440,154,24008397568.0,123313504.0,125810704.0,200523.734375,0.1510590424
1072,2,633275157,False,0.416394829750061,10450,7000,6830,0.000647334931382147,0.00247933994978666,0.706861734390259,285.100769042969,0.00050013522890625,114046440,122,15358064640.0,164670304.0,116399136.0,408273.65625,0.2017211224
1073,3,633277093,False,0.286376148462296,3620,4460,8940,0.000122744927422888,9.29397118582276e-05,0.0616665436054299,663.511241561599,9.48335388647318e-05,114046440,328,246376996864.0,832960768.0,51365811.5214844,77415.133767128,1.0203769408
1074,1,633276079,False,0.819386959075928,7900,5530,5680,0.291957499175159,0.0269167684018612,20.2962627410889,754.037841796875,0.2255682856,114046440,1097,1732412847072.0,6840991232.0,138846552064.0,184137376.0,8.3802142592
1075,3,633277564,False,0.294434040784836,6940,2930,10580,0.000215054302486978,0.000528215248278313,0.306422537267678,580.109223023086,0.000166152369642639,114046440,959,55693037568.0,256779008.0,78682875.1484375,135634.587463379,0.3145542848
1076,3,633277066,False,0.648078382015228,7380,5620,9170,0.0125762015171778,0.0046377916328518,3.89392047574805,839.606602453948,0.009716456071875,114046440,295,547210027008.0,1710253824.0,6659592384.0,7931800.875,2.0950609344
1077,2,633275313,False,0.97361022233963,7840,5690,6070,0.058602993855581,0.0808569077707396,118.931652370365,1470.89043656705,0.0452770587923828,114046440,331,191325604352.0,457114492.0,54365381856.0,36960864.3203125,0.5599652527
1078,2,633275567,True,0.635678708553314,6800,5330,6370,1.93865011603954e-05,0.936552941799164,3162.61328125,3376.86547851562,1.49781384033203e-05,114046440,690,42459456.0,13055.376953125,41289108.0,12227.0517578125,1.59928367675781e-05
1079,2,633275491,False,0.61256217956543,6670,4330,5810,0.0244788922454175,0.13747039437294,136.026168823242,989.494201660156,0.018912553275,114046440,599,53380665344.0,112306496.0,15276621824.0,15438819.0,0.1375754576
1080,2,633275576,False,0.719717860221863,3680,4070,6130,0.0422901184129753,0.00141071178950369,0.971067488193512,688.352905273438,0.03267362385,114046440,698,4837033162752.0,18907013120.0,18359986176.0,26672346.0,23.161091072
1081,1,633275220,False,0.0,0,0,0,0.0,0.0,0.0,0.0,0.0,114046440,312782640,10115330048.0,27284400.0,0.0,0.0,0.03342339
1082,3,633277219,True,1.0,6250,1700,6860,0.00180915091229778,0.941215197584498,4252.24621613743,4517.82570771302,0.001397761903125,114046440,510,5256130048.0,1212294.625,5154975232.0,1141030.125,0.001485060915625
1083,3,633277590,False,0.355654954910278,10470,3860,7390,0.000271126814078627,6.92478298018802e-05,0.0418643186638111,604.557843669411,0.000209474361181641,114046440,984,1037966147584.0,2469383936.0,103379076.0,170999.478515625,3.0249953216
1084,1,633276575,False,0.548561692237854,8580,4810,4210,0.00328998547614269,0.00297494395636022,2.57564067840576,865.77783203125,0.002541864434375,114046440,381,181431009280.0,697489216.0,1796481536.0,2074991.375,0.8544242896
1085,1,633276236,False,0.494953185319901,9800,3680,4860,0.000228829994745015,0.0471366196870804,28.303316116333,600.452819824219,0.00017679556015625,114046440,911,467485888.0,3061800.0,86659096.0,144322.90625,0.003750705
1086,1,633276504,False,0.280303806066513,5200,6160,5480,0.000382984763042503,0.00132073671557009,0.87296986579895,660.971923828125,0.000295896548828125,114046440,515,50285342720.0,182888992.0,159656576.0,241548.203125,0.2240390152
1087,1,633276591,False,0.431537210941315,10680,4570,4930,0.000746751917638016,0.0221683699637651,15.0963935852051,680.988037109375,0.000576945446875,114046440,358,5724224512.0,21245400.0,320728928.0,470975.875,0.026025615
1088,2,633275813,False,0.0994396805763245,7120,3130,10240,4.79105197400128e-06,3.14345234073699e-05,0.023673890158534,753.117492675781,3.70159829101562e-06,114046440,990,39191228416.0,96127200.0,2275704.75,3021.712890625,0.11775582
1089,3,633277526,False,0.211840212345123,11670,5340,3320,0.000104975743924182,0.000159341061261468,0.0449567016115058,282.141346716242,8.11049507324219e-05,114046440,153,24200849408.0,415512000.0,18680049.0,66208.123046875,0.5090022
1090,1,633276370,False,0.355652123689651,7760,2500,5060,0.000232224441459878,0.00559947453439236,4.65040493011475,830.507385253906,0.00017941813203125,114046440,706,7472553984.0,26156700.0,121639248.0,146463.78125,0.0320419575
1091,2,633275445,False,0.595830321311951,7810,980,7830,9.99343548997843e-05,0.000133550906340775,0.115938714138199,868.123753816865,7.72099403884888e-05,114046440,533,149289304576.0,471943804.0,54716557.78125,63028.5227661133,0.5781311599
1092,2,633275955,False,0.107587791979313,6130,2870,8880,5.20854493861026e-05,0.00136408861726522,0.585389494895935,429.143310546875,4.02415610351562e-05,114046440,929,3739860480.0,24082200.0,14097467.0,32850.25390625,0.029500695
1093,1,633276225,False,0.027122899889946,5250,1500,2410,6.1421781974302e-07,5.17841317559942e-06,0.00145878782495856,281.70556640625,4.7454873046875e-07,114046440,182305693,18859223040.0,74808000.0,109129.0,387.38671875,0.0916398
1094,2,633275763,True,0.134201973676682,6060,720,6850,2.3803926954172e-06,0.110005930066109,302.315612792969,2748.17553710938,1.83910706481934e-06,114046440,943,11248605.0,13647.5537109375,4125868.75,1501.31188964844,1.67182532958984e-05
1095,2,633275822,True,1.0,6740,5540,7110,0.00501653481576924,0.656204222496684,2111.44586176037,3217.66576528092,0.00387580781875,114046440,1000,11932577792.0,4821555.0,10180452352.0,3163924.75,0.005906404875
1096,1,633275188,False,0.0931062623858452,8940,5540,3020,3.14045848617908e-06,1.04466334960307e-05,0.00520946411415935,498.673980712891,2.42633889770508e-06,114046440,589508447,45183074304.0,189600304.0,987716.0,1980.68481445312,0.2322603724
1097,2,633275784,False,0.177015885710716,6580,5600,9500,6.59053967817393e-05,0.000989628722891212,0.558935701847076,564.793273925781,5.0918943359375e-05,114046440,964,10109355008.0,42002100.0,23476472.0,41566.484375,0.0514525725
1098,3,633277743,False,0.649882078170776,4760,1690,7700,0.0455859536908601,0.00865903745530065,6.46670863134096,746.816105684165,0.0352200078797058,114046440,943,1259236908067.0,3320349056.0,21471729899.5,28751026.8405762,4.0674275936
1099,3,633277038,False,0.389796078205109,5980,6930,7540,0.000612672097881364,0.00385057201893621,2.30095589839943,597.562099107319,0.000473354495584106,114046440,260,21828675584.0,100351800.0,230905066.125,386411.833129883,0.122930955
1100,1,633276050,False,0.328330993652344,10840,4600,5520,0.000129896549177684,0.00379064329899848,2.95552897453308,779.690673828125,0.00010035892890625,114046440,599626927,6199297536.0,21612600.0,63876668.0,81925.65625,0.026475435
1101,3,633276882,False,1.0,7390,3310,5950,0.031945132285983,0.131140167234383,167.485060317352,1277.14539221237,0.024681019475,114046440,50,73788377088.0,153635392.0,25731632896.0,20147771.0,0.1882033552
1102,1,633276468,False,0.0,0,0,0,0.0,0.0,0.0,0.0,0.0,114046440,577,105698492416.0,235408496.0,0.0,0.0,0.2883754076
1103,1,633276307,False,0.403696566820145,9250,4540,5660,0.00127069062467193,0.0384486466646194,9.87500762939453,256.836273193359,0.000981743940625,114046440,812,1239141376.0,20844000.0,205834656.0,801423.625,0.0255339
1104,3,633276855,False,0.629687011241913,8080,5130,5760,0.0142999365201808,0.115455387729081,124.784803805603,1080.80537651836,0.01104822508125,114046440,12,32346608640.0,78116400.0,9747739648.0,9018959.25,0.09569259
1105,2,633275518,False,0.96959114074707,6780,5010,7360,0.0397036495089954,0.0682800188660622,90.8705825805664,1330.85180664062,0.03067530095,114046440,629,160680027648.0,366740704.0,33325942784.0,25041062.0,0.4492573624
1106,1,633275278,False,0.0201066955924034,6740,750,4440,1.91990391052537e-07,7.57477721435862e-07,0.000551322707906365,727.840148925781,1.48333039855957e-07,114046440,312782562,62211395584.0,159857104.0,88132.8515625,121.088195800781,0.1958249524
1107,1,633276572,False,0.495920747518539,12290,5020,5230,0.0148066075105529,0.00261590322590145,1.49636128277032,572.024709459452,0.0114396824234467,114046440,386,578031529728.0,3569901276.0,5341862052.71875,9338516.26403809,4.3731290631
1108,2,633275259,False,0.997993230819702,5750,4150,6500,0.0141757691775074,0.0478053763508797,157.196365356445,3288.25708007812,0.010952292575,114046440,255,104922095616.0,187021792.0,29399146496.0,8940647.0,0.2291016952
1109,3,633277391,False,0.00035439632483758,11390,3780,5830,1.35867035419378e-09,1.42244063067949e-08,7.63874143366399e-06,537.016538258966,1.04971765875816e-09,114046440,744,2098889152.0,60242400.0,460.176116943359,0.85691237449646,0.07379694
1110,3,633276854,False,0.715307474136353,8540,2170,6100,0.118644743755664,0.0408065462011908,42.1663860619006,1033.32406163475,0.091665709975,114046440,10,820960821248.0,1833753600.0,77322762240.0,74829151.0,2.24634816
1111,1,633276726,False,0.59903085231781,6240,7100,5340,0.00678266938554737,0.0632360652089119,36.7832527160645,581.681579589844,0.0052403350125,114046440,173,16018664448.0,67648496.0,2488331776.0,4277824.5,0.0828694076
1112,1,633276160,False,0.568090081214905,9000,5770,5530,0.0190092921714045,0.00459769323459423,2.39042101484615,519.917465754349,0.014686704255542,114046440,987,391301224320.0,2607643816.0,6233366577.0,11989146.3310547,3.1943636746
1113,1,633276755,False,0.193928629159927,11420,6510,4280,4.33666646037274e-05,0.00141061821161739,0.591599846051492,419.39047800409,3.35053705230713e-05,114046440,135,2906121856.0,19389600.0,11470884.375,27351.3228759766,0.02375226
1114,1,633276518,False,0.996333062648773,7520,2810,5310,0.00394622119303034,0.0172823667526245,32.6801528930664,1890.95361328125,0.00304887646875,114046440,483,28706570240.0,144012608.0,4706354176.0,2488878.75,0.1764154448
1115,2,633275331,True,0.0353970490396023,6760,6020,7400,1.53404189434814e-07,0.806716859340668,1765.64428710938,2188.67895507812,1.18521086502075e-07,114046440,349,248985.09375,119.932922363281,211758.875,96.7519073486328,1.4691782989502e-07
1116,2,633275478,False,0.467891842126846,2090,2780,6040,9.90220562937236e-05,0.000437850976595655,0.228610634803772,522.119750976562,7.65050924804687e-05,114046440,582,37708201984.0,142635600.0,32608016.0,62453.13671875,0.17472861
1117,2,633275223,False,0.359845608472824,3420,2130,5980,0.00233135384749023,0.00540698692202568,3.28155755996704,606.910583496094,0.001801219328125,114046440,211,91395809280.0,271941312.0,892391040.0,1470383.125,0.3331281072
1118,2,633276045,False,0.809357762336731,7190,4150,8210,0.00852810906789207,0.0293370168656111,31.4014053344727,1070.36804199219,0.0065888732,114046440,484682524,32562120704.0,183340800.0,5757158912.0,5378672.0,0.22459248
1119,1,633276103,False,0.146498173475266,11220,3920,1830,5.85383953168206e-06,1.60499007506587e-06,0.000555644917767495,346.198333740234,4.52271495361328e-06,114046440,1064,714716545024.0,2300333312.0,1278168.5,3692.01220703125,2.8179083072
1120,1,633276841,False,0.516755342483521,7000,4540,3220,0.000354361968617692,0.000236810024944134,0.048281516879797,203.882904052734,0.000273782389453125,114046440,6,39276507136.0,943776896.0,45566980.0,223495.828125,1.1561266976
1121,3,633277448,False,0.108099982142448,9710,1250,8410,2.41946952562932e-05,8.48161349218458e-06,0.00642429199349021,757.437485144766,1.86929808105469e-05,114046440,821,632801230848.0,1799136000.0,11558175.0,15259.576171875,2.2039416
1122,2,633275153,False,0.519175708293915,7070,6740,5730,0.00882445237218182,0.0603208504617214,36.612663269043,606.96533203125,0.0068178299875,114046440,118,20196364288.0,92266200.0,3378111232.0,5565575.5,0.113026095
1123,3,633276971,False,0.329421669244766,12500,5920,6040,0.000458673658543344,0.0107171220774614,7.37149521353842,687.824134152677,0.000354374287695312,114046440,177,6873735936.0,26992800.0,198977296.0,289285.1328125,0.03306618
1124,2,633275453,False,0.708856463432312,6420,5970,8630,0.00591530669359571,0.0268027316778898,24.2174320220947,903.543395996094,0.0045702048875,114046440,544,48928837632.0,139194000.0,3370921216.0,3730779.5,0.17051265
1125,1,633276142,False,0.117456078529358,7410,2630,1580,1.67451649105284e-05,1.93190228086496e-05,0.0115371595784063,597.191674376034,1.29374246307373e-05,114046440,1011,169950056960.0,546671696.0,6307038.59375,10561.1629638672,0.6696728276
1126,2,633275117,True,1.0,6500,5580,6660,0.0248781395882264,0.985179305076599,4863.57177734375,4936.73779296875,0.0192210144,114046440,63,77899628544.0,15926668.0,77460496384.0,15690624.0,0.0195101683
1127,1,633276519,False,0.123042032122612,9030,3600,3380,2.4178109003041e-05,0.000137473427457735,0.0481644719839096,350.354797363281,1.86801661621094e-05,114046440,482,13224544256.0,110924096.0,5342600.5,15249.115234375,0.1358820176
1128,1,633276625,False,0.158949315547943,10920,5000,5470,1.41420725008069e-05,0.00114175560884178,0.578179061412811,506.394805908203,1.09262583007812e-05,114046440,318,1626707456.0,7812000.0,4516735.0,8919.39453125,0.0095697
1129,1,633276843,False,0.414430618286133,7730,6520,4700,0.000879275659963393,0.0114316269755363,5.40513849258423,472.823211669922,0.0006793341625,114046440,1,8289647104.0,48510900.0,262208128.0,554558.5,0.0594258525
1130,1,633276621,False,0.687302529811859,6820,1130,3810,0.00354117252397027,0.000204226982582309,0.132375499053375,648.178303275984,0.00273593320090256,114046440,322,3925501948928.0,10935944064.0,1447651053.0918,2233414.85787964,13.3965314784
1131,2,633275896,False,0.676593780517578,8340,4170,7880,0.00456572803324656,0.0255647543817759,16.5388221740723,646.9384765625,0.00352751153125,114046440,1088,24234551296.0,112639504.0,1862924800.0,2879601.25,0.1379833924
1132,2,633275595,False,0.264989018440247,9140,5970,8830,4.58145635976218e-05,7.04438934917562e-05,0.0466877222061157,662.7646484375,3.53966333984375e-05,114046440,727,112558948352.0,410187584.0,19150724.0,28895.2109375,0.5024797904
1133,3,633277580,False,0.713773727416992,8590,4130,5740,0.00545254076415755,0.150090928631908,141.853231029757,945.115286598343,0.004212668884375,114046440,975,9847892480.0,22912200.0,3250169600.0,3438913.375,0.028067445
1134,1,633276819,False,0.102207198739052,8580,1730,2550,1.02718618390943e-05,1.3443880561681e-05,0.00927193276584148,689.676818847656,7.93610806884765e-06,114046440,33,153039388672.0,481888800.0,4468040.5,6478.45556640625,0.59031378
1135,2,633275413,False,0.632668793201447,7510,5730,7020,0.00939512452619835,0.0676976144313812,85.5599060058594,1263.85400390625,0.00725873505,114046440,470,43066847332.0,87528904.0,7488964608.0,5925498.0,0.1072229074
1136,3,633277669,True,1.0,6230,5430,6840,0.000843363238201862,0.884396509691169,3017.91468512691,3412.40004009148,0.0006515879890625,114046440,1083,1919262336.0,601436.75,1815084800.0,531908.5625,0.00073676001875
1137,3,633277316,True,0.999904572963715,6050,1360,6930,0.000433981508850219,0.857480554698934,2900.05485586737,3382.06486429956,0.0003352969703125,114046440,648,986189568.0,319204.6875,925711104.0,273711.8125,0.0003910257421875
1138,1,633276583,False,0.650260865688324,10990,6210,4600,0.0386137261123842,0.00309444634867743,1.7226070197244,556.676970812772,0.0298332189596298,114046440,370,1124698802976.0,7870114840.0,13557115069.4211,24353648.1303101,9.640890679
1139,3,633277702,False,0.230865746736526,10710,5110,6170,1.7798438753315e-05,0.000429679466087042,0.161905670305899,376.805696069965,1.37511909345861e-05,114046440,1116,720020608.0,26125200.0,4229818.01787567,11225.4619874172,0.03200337
1140,1,633276093,False,0.357791185379028,6690,3040,5130,0.00116873518760712,6.90704492592201e-05,0.0550197350333918,796.574159043091,0.000902972498852539,114046440,1080,3418728196608.0,10672008292.0,587171068.5,737120.407226562,13.0732101577
1141,3,633276960,False,0.553406536579132,3210,5050,6260,0.00672612089004205,0.000967730727720706,0.628281203846317,649.231429621033,0.00519664527265625,114046440,159,1070009286656.0,4383615488.0,2754143216.0,4242159.40625,5.3699289728
1142,2,633275712,False,0.707564771175385,4230,3380,8120,0.00974277199797857,0.075322225689888,56.4216499328613,749.070373535156,0.007527329775,114046440,882,23294560768.0,81579624.0,4602856960.0,6144759.0,0.0999350394
1143,3,633277774,False,0.627756118774414,10000,5850,7290,0.001752066732838,0.0173644845433371,10.5408083636615,607.032609424973,0.00135365829033203,114046440,549009223,11296233984.0,63637200.0,670787530.0,1105027.17578125,0.07795557
1144,1,633276764,False,0.527314484119415,10070,4880,3720,0.000207393928474127,0.00165903999004513,0.971127510070801,585.355102539062,0.000160233914257812,114046440,123,16933282816.0,78842704.0,76566320.0,130803.1953125,0.0965823124
1145,2,633275193,False,0.599283397197723,9550,3980,6070,0.00144877689139036,0.125605523586273,120.320251464844,957.921691894531,0.0011193345625,114046440,606826663,2721118208.0,7274700.0,875293760.0,913742.5,0.0089115075
1146,3,633277756,True,1.0,6530,5900,6570,0.658640319916971,0.877295501016384,3601.01138014817,4104.67325544956,0.508869846503149,114046440,290,1781936924572.0,473505171.117188,1705097509752.0,415403956.329102,0.580043834618555
1147,1,633276834,False,0.518760442733765,6160,4100,5600,0.00507564658727006,0.030935987830162,21.5992698669434,698.1923828125,0.0039214779625,114046440,15,31948533760.0,103478400.0,2235057920.0,3201206.5,0.12676104
1148,1,633276792,False,0.151814624667168,9510,6220,3880,7.31926024511623e-05,9.3762057076674e-05,0.0135215036571026,144.210830688477,5.65490864257812e-05,114046440,78,15568559104.0,492336896.0,6657135.0,46162.51953125,0.6031126976
1149,3,633276945,True,1.0,6880,5860,6360,0.00214795680864759,0.858079410277142,2729.90455704437,3181.4124944015,0.00165952556875,114046440,141,4632718848.0,1578775.5,4309906432.0,1354714.75,0.0019339999875
1150,3,633277478,False,0.760011076927185,5920,1180,8400,0.00351154658662557,0.00251370934520749,1.80031191782653,716.197328565019,0.00271304400670471,114046440,854,332160303104.0,881060416.0,1586183567.25,2214729.8013916,1.0792990096
1151,2,633275793,False,0.0,0,0,0,0.0,0.0,0.0,0.0,0.0,114046440,973,46492925952.0,135714592.0,0.0,0.0,0.1662503752
1152,3,633276933,False,0.475535184144974,7610,7020,5720,0.00124361559771313,0.00699671751117507,3.41823626119737,488.548559483473,0.000960825596582031,114046440,126,15391719936.0,112102200.0,383191805.0,784347.42578125,0.137325195
1153,3,633277209,False,0.473715335130692,6280,6350,8590,0.00207935283527459,0.00797510097256692,6.11331656095521,766.550364940086,0.00160652168735352,114046440,1105,48008110080.0,164442592.0,1005289621.0,1311446.27539062,0.2014421752
1154,3,633277696,False,0.654215335845947,4470,2870,7170,0.0121907558694537,0.0103006404101518,7.16202625444366,695.299124060783,0.00941865822734375,114046440,1108,90180050944.0,746429376.0,5345946788.0,7688700.59375,0.9143759856
1155,1,633276494,False,0.0,0,0,0,0.0,0.0,0.0,0.0,0.0,114046440,533,143081762048.0,471943804.0,0.0,0.0,0.5781311599
1156,1,633276456,False,0.0214980561286211,9560,560,3880,6.5810463630161e-07,7.30051624486805e-07,5.520637932932e-05,75.6198272705078,5.08455973815918e-07,114046440,593,134400458752.0,568543488.0,31387.2265625,415.066101074219,0.6964657728
1157,3,633277418,False,0.676812589168549,4220,4780,8750,0.000728455351018604,0.000653024218397396,0.477610823937046,731.3830183958,0.000562809399072266,114046440,783,199179296768.0,703551616.0,336023867.0,459436.244140625,0.8618507296
1158,1,633276185,False,0.190330028533936,3690,5270,3440,9.16790098254502e-05,1.11087701952783e-05,0.00425296369940042,382.847412109375,7.08318064453125e-05,114046440,961,1466083311616.0,5205066240.0,22136958.0,57821.8828125,6.376206144
1159,1,633276732,False,0.203340768814087,12840,5700,5690,1.17155525788409e-05,0.0380092076957226,21.7093601226807,571.160522460938,9.05151303710937e-06,114046440,164,33534852.0,194400.0,4220299.5,7388.990234375,0.00023814
1160,3,633277037,False,0.000458859227364883,8750,2130,9380,1.02740006547511e-09,4.86649371755657e-09,4.0051242632975e-06,822.999986386183,7.93776053190231e-10,114046440,312782590,53794852864.0,133151400.0,533.287902832031,0.647980451583862,0.163110465
1161,3,633277190,False,0.999956846237183,6180,1010,6960,0.246658292547617,0.00519281377243515,5.2639158977624,1013.69240809379,0.190569820388855,114046440,453,11081003758715.1,29958170490.0,157697289910.187,155567200.317432,36.69875885025
1162,1,633276140,False,0.0458010025322437,4940,1750,5090,1.06160749809715e-06,1.242482426278e-06,0.00105075084138662,845.686706542969,8.20204940795898e-07,114046440,1015,213620998144.0,538884928.0,566233.8125,669.555053710938,0.6601340368
1163,2,633275298,True,1.0,6100,1360,7040,0.055908537237819,0.90144082755882,3834.48489397676,4253.72889351026,0.0431953038739126,114046440,315,154924862561.875,39116791.1105423,149992744614.219,35261472.5501328,0.0479180691104143
1164,2,633275801,False,0.487898856401443,6520,880,8650,0.00636754284201479,0.0106306783854961,7.13881826400757,671.529907226562,0.0049196055125,114046440,981,118141853696.0,377775008.0,2696867072.0,4016004.5,0.4627743848
1165,1,633276447,False,0.358639657497406,10450,4500,5690,0.00113593830430689,0.0147101432085037,9.37740707397461,637.47900390625,0.0008776334109375,114046440,604,11869802496.0,48703500.0,456712544.0,716435.4375,0.0596617875
1166,3,633277020,False,0.60652631521225,10270,5090,5810,0.00475037051514147,0.0342590319943284,13.1811629103633,384.750010232205,0.003670167528125,114046440,238,9764204288.0,87453000.0,1152732240.0,2996055.125,0.107129925
1167,1,633276662,False,0.0849786624312401,5800,7000,3640,2.23143499546113e-06,2.80486128758639e-05,0.0110684633255005,394.617156982422,1.72402136535645e-06,114046440,260,11741553664.0,50175900.0,555370.125,1407.36437988281,0.0614654775
1168,2,633275653,False,0.713825881481171,4090,3330,6190,0.000329119524450536,0.00126936961896718,0.764307141304016,602.115539550781,0.0002542799109375,114046440,810,53456646144.0,163526400.0,124984392.0,207575.4375,0.20031984
1169,3,633276885,False,0.975672364234924,7710,5730,6580,0.015455784571461,0.219501003161479,458.927142239516,2090.7746918218,0.01194124089375,114046440,54,42116340736.0,44409600.0,20380770816.0,9747951.75,0.05440176
1170,1,633276360,False,0.357791185379028,6690,3040,5130,0.000297762997452385,6.32590201983417e-05,0.0457560767860192,723.313080767865,0.000230053651782227,114046440,726,782418796544.0,2968729184.0,135837400.5,187798.899414062,3.6366932504
1171,2,633275159,False,0.467344611883163,6610,6040,7550,0.00166259631455511,0.00334163894876838,1.52030861377716,454.958984375,0.00128453285625,114046440,125,6224454656.0,313797600.0,477069184.0,1048598.25,0.38440206
1172,1,633276417,False,0.0947995185852051,10320,6900,5120,1.24508212474452e-05,0.000112980378617067,0.0171964708715677,152.207595825195,9.61958645019531e-06,114046440,642,4956055552.0,69505200.0,1195244.125,7852.7236328125,0.08514387
1173,3,633277634,False,0.207008138298988,11550,4110,2970,4.25325687998211e-05,1.18930326857688e-05,0.00806415391758891,678.056987704951,3.28609426147461e-05,114046440,1033,833361707008.0,2255544064.0,18189054.5,26825.2592773438,2.7630414784
1174,3,633277692,False,0.999304115772247,5840,4620,6660,0.0102053494956882,0.0429912092781171,126.384583480277,2939.77735454416,0.00788472019453125,114046440,1104,62594775040.0,149716800.0,18921895408.0,6436506.28125,0.18340308
1175,3,633277660,False,0.389837503433228,6210,1880,8630,0.000546422085572332,0.000316976790839952,0.286610799107183,904.201214062699,0.0004221693,114046440,1070,473907642368.0,1087234176.0,311613056.0,344628.0,1.3318618656
1176,2,633275772,False,0.0,0,0,0,0.0,0.0,0.0,0.0,0.0,114046440,951,272350740480.0,561608128.0,0.0,0.0,0.6879699568
1177,3,633277493,False,0.619070887565613,9140,4490,6160,0.0193159595984036,0.0265150127595995,11.4995512664929,433.699631629617,0.0149236375282032,114046440,877,39689128964.2344,459459000.0,5283572325.35156,12182561.2475128,0.562837275
1178,1,633276168,False,0.340693384408951,11400,7080,4370,0.000810683091962081,0.00160551886074245,0.489786058664322,305.064056396484,0.00062633909296875,114046440,978,25153071104.0,318462304.0,155978400.0,511297.21875,0.3901163224
1179,1,633276558,False,0.0252268854528666,10290,6460,3150,1.18469901584805e-06,6.63753644403187e-06,0.000498464272823185,75.097785949707,9.15306257629394e-07,114046440,413,796360128.0,112570200.0,56112.22265625,747.188781738281,0.137898495
1180,1,633276529,False,0.168812572956085,6640,1490,4250,1.22178828662598e-05,0.000508644385263324,0.234914690256119,461.844665527344,9.43961672363281e-06,114046440,461,3164931584.0,15149700.0,3558887.0,7705.8095703125,0.0185583825
1181,1,633276229,False,0.3607277572155,10500,3640,4920,0.000545979883549714,0.000187580649547752,0.103562431151431,552.095492797975,0.000421827651806641,114046440,920,714374742016.0,1835738944.0,190113588.0,344349.103515625,2.2487802064
1182,3,633276909,False,0.174022912979126,11130,5720,8490,3.29301183562191e-05,3.7694902321916e-05,0.0160295686103309,425.244996616192,2.54420261962891e-05,114046440,96,136270147584.0,550976384.0,8831913.75,20769.0009765625,0.6749460704
1183,3,633277523,False,0.438773423433304,8450,2670,7390,0.00160000416740827,0.00558456206412176,3.95445648660973,708.105029759682,0.00123617375136719,114046440,916,19497052160.0,180698400.0,714563960.0,1009121.4296875,0.22135554
1184,2,633275424,False,0.833360612392426,4600,5730,6930,0.0690651315878619,0.0111860266665808,9.42707365001184,842.754440964816,0.05336017526875,114046440,493,1174765395968.0,3894083936.0,36709816064.0,43559326.75,4.7702528216
1185,2,633275481,False,0.611487686634064,8600,3670,5920,0.00561087910825854,0.0851334780454636,72.6092300415039,852.886962890625,0.00433500213125,114046440,587,15699231744.0,41567400.0,3018177024.0,3538777.25,0.050920065
1186,3,633277628,False,0.656450748443604,6230,2030,7800,0.00302788246897471,0.028969884597941,16.548181525653,571.220139649061,0.00233936192580948,114046440,1026,13780690432.0,65919600.0,1090849506.89844,1909683.20474243,0.08075151
1187,1,633276573,False,0.102207198739052,8580,1730,2550,1.09753526173407e-05,2.1744778920945e-06,0.00142046354092724,653.243496331443,8.47962967467308e-06,114046440,385,1074318995456.0,3183360336.0,4521847.29492188,6922.14667320251,3.8996164116
1188,1,633276584,False,0.137655526399612,6140,1790,3660,4.20327275826433e-05,1.56285252133793e-05,0.00990506716215146,633.781308659367,3.24747620002747e-05,114046440,369,607790287360.0,1696257928.0,16801548.7011719,26510.0097961426,2.0779159618
1189,2,633275498,False,0.549152910709381,3450,3830,6610,0.000180178401457436,0.00105757440906018,0.728859007358551,689.179870605469,0.000139207018945312,114046440,608,24097644544.0,107451904.0,78317288.0,113638.3828125,0.1316285824
1190,1,633276054,False,0.585368037223816,10050,4560,4430,0.0164383745544222,0.00598396732702719,3.51599127374143,587.568594811857,0.0127003963822388,114046440,1132,322222667776.0,1732574720.0,6091717596.625,10367670.5161133,2.122404032
1191,1,633276368,False,0.459598869085312,7480,4410,5390,0.00363743009457726,0.00179862595092357,1.18870335622458,660.895254855072,0.00281030243354492,114046440,709,292783513600.0,1275487232.0,1516175953.5,2294124.43554688,1.5624718592
1192,2,633275442,False,0.448944836854935,10550,3650,6520,0.0014137567820523,3.86768347488848e-05,0.0278836725232219,720.939877946601,0.0010922777955143,114046440,528,8316477970432.0,23053989528.0,642829894.352539,891655.343276978,28.2411371718
1193,1,633276587,False,0.607793927192688,7480,5580,4620,0.00947433343588919,0.0797496140003204,70.4870681762695,883.854614257812,0.007319932375,114046440,364,26464587776.0,74927696.0,5281433600.0,5975455.0,0.0917864276
1194,2,633275270,False,0.599337041378021,4930,6560,5990,0.00959957141563589,0.0742577537894249,50.5795593261719,681.135070800781,0.0074166920625,114046440,272,20096415744.0,81532800.0,4123893248.0,6054442.5,0.09987768
1195,1,633276152,False,0.310584276914597,5050,6120,3890,0.000121844239093399,0.000398562493501231,0.306056976318359,767.902099609375,9.41376611328125e-05,114046440,998,54083678208.0,192810592.0,59011028.0,76847.0703125,0.2361929752
1196,2,633275907,False,0.61861515045166,12750,6730,7150,0.0264270093525959,0.0335143730044365,17.7901573181152,530.821716308594,0.020417681375,114046440,1098,93810049024.0,497323808.0,8847468544.0,16667495.0,0.6092216648
1197,2,633275972,False,0.547047674655914,6110,6980,5850,0.00142789243262027,0.0304255075752735,17.7920455932617,584.773986816406,0.0011031990921875,114046440,286,6147936768.0,29599200.0,526630336.0,900570.6875,0.03625902
1198,2,633275292,False,0.357864767313004,8330,1250,7530,0.000106566417017303,0.000908109417650849,0.797549247741699,878.252380371094,8.2333915234375e-05,114046440,305,17789022208.0,74012400.0,59028536.0,67211.359375,0.09066519
1199,1,633276713,False,0.694174468517303,8450,4540,5650,0.00530546254124873,0.133585289120674,91.0749893188477,681.774047851562,0.00409903528125,114046440,197,6592307712.0,25048800.0,2281319168.0,3346151.25,0.03068478
1200,3,633277287,False,0.991309821605682,7530,2630,5400,0.00733084745861861,0.107497151891377,234.681481109484,2183.14138542595,0.005663861,114046440,611,18911752192.0,43011000.0,10093885184.0,4623560.0,0.052688475
1201,1,633276620,False,0.755877494812012,8860,4460,4310,0.415060660094938,0.0273138727904698,19.2820537030443,705.943600563744,0.320678598022412,114046440,323,2757863313600.0,9584083860.0,184800819683.0,261778447.365234,11.7405027285
1202,3,633277116,False,0.858586609363556,8180,5260,6840,0.196276476038915,0.075459563005024,74.350356732909,985.300653383837,0.151644497328516,114046440,348,540820644864.0,1640500176.0,121971773306.0,123791426.390625,2.0096127156
1203,2,633275554,False,0.608371376991272,8140,5640,6350,0.00142206883683314,0.0627908185124397,43.3465843200684,690.333190917969,0.00109869974375,114046440,673,2417587968.0,14283900.0,619158272.0,896897.75,0.0174977775
1204,1,633276095,False,0.600905895233154,6950,5330,5460,0.0086845727070549,0.080435998737812,59.0891075134277,734.610229492188,0.0067097580375,114046440,1077,23826259968.0,68095800.0,4023719936.0,5477353.5,0.083417355
1205,2,633275390,False,0.591602504253387,3710,4270,7010,0.000465090829139727,0.00135553535073996,0.86031574010849,634.668579101562,0.0003593322359375,114046440,440,54028279808.0,216396000.0,186168880.0,293332.4375,0.2650851
1206,1,633276375,False,0.0,0,0,0,0.0,0.0,0.0,0.0,0.0,114046440,699,308594432.0,1377000.0,0.0,0.0,0.001686825
1207,3,633277212,False,0.833360612392426,4600,5730,6930,0.0694238981109724,0.00562206686437277,4.73432421693953,842.096746828308,0.0536373606459961,114046440,493,2331695894528.0,7788167872.0,36871711762.0,43785600.5273438,9.5405056432
1208,3,633277374,False,0.196629554033279,12890,5350,6270,0.000235709850891302,0.00039826602268645,0.194712227171401,488.899921359084,0.000182110982299805,114046440,720,60781331456.0,373273184.0,72680853.0,148662.026367188,0.4572596504
1209,2,633275799,False,0.591065466403961,8250,5780,5950,0.00104291714576888,0.0190182495862246,19.7114067077637,1036.44689941406,0.0008057646515625,114046440,606826659,12654541824.0,34586100.0,681740672.0,657767.0625,0.0423679725
1210,2,633275937,False,0.409383922815323,1860,3740,7150,2.82486654079786e-05,0.000179728478542529,0.230624616146088,1283.18347167969,2.18251048339844e-05,114046440,196,13459449856.0,99129600.0,22861726.0,17816.412109375,0.12143376
1211,2,633276005,False,0.285433202981949,8990,5690,5780,0.00011816465498973,0.0024187839590013,1.43306362628937,592.472778320312,9.1294790234375e-05,114046440,607344838,11234109440.0,30811500.0,44154840.0,74526.359375,0.0377440875
1212,1,633276299,False,0.991309821605682,7530,2630,5400,0.0269386690668254,0.0459944255473173,38.0784663858471,827.893074709097,0.0208129930380859,114046440,824,67237832320.0,369396904.0,14066067592.0,16990198.3984375,0.4525112074
1213,2,633275085,False,0.745334386825562,8530,3160,6580,0.139309808734145,0.0934296399354935,114.359085083008,1224.01293945312,0.1076316752,114046440,17,515562602496.0,940414528.0,107544944640.0,87862592.0,1.1520077968
1214,1,633276403,False,0.0196098014712334,5830,4730,1950,9.65007780904161e-08,3.43765350407921e-06,0.00146981736179441,427.564117431641,7.45571363449097e-08,114046440,662,3916361472.0,17704800.0,26022.822265625,60.8629684448242,0.02168838
1215,3,633277243,True,1.0,6400,5300,6890,0.100525174111008,0.732109035243781,2743.80472544932,3747.80885546054,0.0776664112,114046440,549,264481964032.0,86600696.0,237615398912.0,63401152.0,0.1060858526
1216,1,633276752,False,0.0,0,0,0,0.0,0.0,0.0,0.0,0.0,114046440,139,157521199104.0,642948288.0,0.0,0.0,0.7876116528
1217,1,633276710,False,0.0,0,0,0,0.0,0.0,0.0,0.0,0.0,114046440,201,236296273920.0,682217984.0,0.0,0.0,0.8357170304
1218,2,633275762,False,0.691835105419159,6470,6470,8880,0.00571484486517853,0.00286827276076904,1.82623239709651,636.701091358851,0.004415326759375,114046440,942,295227908096.0,1256626784.0,2294892544.0,3604348.375,1.5393678104
1219,1,633276438,False,0.718359589576721,6940,7030,4940,0.00858241862978811,0.0229899734258652,12.6336717605591,549.529602050781,0.006630833125,114046440,614,44137541632.0,235447200.0,2974562560.0,5412925.0,0.28842282
1220,1,633276814,False,0.0,0,0,0,0.0,0.0,0.0,0.0,0.0,114046440,41,35896238080.0,131492704.0,0.0,0.0,0.1610785624
1221,1,633276470,False,0.507440090179443,6930,3050,5010,0.0023513879603953,0.0091306958347559,6.05814790725708,663.492431640625,0.001816697815625,114046440,575,34312515584.0,162421200.0,983971648.0,1483018.625,0.19896597
1222,1,633276312,False,0.0,0,0,0,0.0,0.0,0.0,0.0,0.0,114046440,805,21942228992.0,85792496.0,0.0,0.0,0.1050958076
1223,3,633277331,False,0.211389154195786,2220,2580,7100,0.000124360791155171,0.000374661126647502,0.205985482490332,549.791445761951,9.60819658203125e-05,114046440,667,56435816448.0,209347200.0,43122484.0,78434.2578125,0.25645032
1224,3,633276844,False,0.599365174770355,7660,6550,6740,0.00774152576474427,0.0503245095432161,35.3144089266536,701.733792285197,0.0059811537625,114046440,1,23053369856.0,97021800.0,3426267520.0,4882574.5,0.118851705
1225,3,633277275,False,0.670037090778351,3460,4830,6090,0.00770668225825674,0.00746597875588336,6.31032398135306,845.210546089537,0.00595423344003906,114046440,597,163936534528.0,651033024.0,4108229304.0,4860598.7265625,0.7975154544
1226,1,633276101,False,0.103796005249023,7530,510,3980,4.71896440435057e-06,3.19585342367645e-05,0.0213993899524212,669.598571777344,3.64590296020508e-06,114046440,1066,23837161472.0,93128400.0,1992891.0,2976.24731445312,0.11408229
1227,1,633276298,False,0.692442417144775,4270,5480,5570,0.0121825607491277,0.011300516440794,6.9628940911324,616.157157738111,0.0094123266234375,114046440,826,148426534912.0,679927504.0,4734263200.0,7683531.9375,0.8329111924
1228,1,633276699,False,0.680234253406525,9120,4280,4830,0.00815599113736305,0.0145107321441174,8.03179359436035,553.507141113281,0.0063013724375,114046440,214,61825384448.0,354494688.0,2847228160.0,5143977.5,0.4342559928
1229,3,633277157,False,0.828957438468933,7610,4630,6170,0.0341104608847284,0.11660857293618,149.80207305651,1284.6574594348,0.026353966603125,114046440,406,87894692864.0,184492800.0,27637403904.0,21513442.125,0.22600368
1230,3,633276957,False,0.351840436458588,7310,3010,9490,0.000242735295654853,0.000921779293216605,0.700067769694782,759.474393541488,0.000187538887167358,114046440,156,57451612160.0,166084192.0,116270189.875,153092.969116211,0.2034531352
1231,2,633275487,False,1.0,7060,3450,6140,0.0177313497447861,0.148258820176125,274.303894042969,1850.16906738281,0.013699357525,114046440,595,45886005248.0,75429904.0,20690716672.0,11183149.0,0.0924016324
1232,3,633277023,False,0.747947931289673,4010,4990,6100,0.145489416122223,0.0333979401573109,25.2333989790196,755.537582861856,0.11240608054375,114046440,242,661368725504.0,2747476800.0,69328178280.0,91760065.75,3.36565908
1233,1,633275985,False,0.366165697574615,8700,5680,5590,0.000106063688796063,0.00217108195647597,1.50646817684174,693.879028320312,8.19455041015625e-05,114046440,607344838,9753240576.0,30811500.0,46416544.0,66894.2890625,0.0377440875
1234,1,633276034,False,0.0,0,0,0,0.0,0.0,0.0,0.0,0.0,114046440,182305697,51071979520.0,149164192.0,0.0,0.0,0.1827261352
1235,1,633276580,False,0.304355591535568,6420,2290,5530,0.000644725179193811,5.33704794761739e-05,0.0475737796139608,891.387525105506,0.0004981189171875,114046440,375,2618474790912.0,7618962608.0,362462848.0,406627.6875,9.3332291948
1236,2,633275688,False,0.213094785809517,6100,4620,9540,2.8069945122749e-05,0.000754276232328266,0.437006026506424,579.371337890625,2.16870243652344e-05,114046440,849,4386401280.0,23471100.0,10257012.0,17703.693359375,0.0287520975
1237,1,633276585,False,0.0,0,0,0,0.0,0.0,0.0,0.0,0.0,114046440,368,1094210944.0,5916600.0,0.0,0.0,0.007247835
1238,2,633275194,False,0.40661147236824,11830,5020,5840,0.000416305245186406,0.00239091529510915,1.36607527732849,571.360778808594,0.00032164017265625,114046440,169,23036950528.0,109817104.0,150018432.0,262563.40625,0.1345259524
1239,1,633276028,False,0.402045369148254,6440,5280,4420,0.00101923410669651,0.000986977363936603,0.591715455055237,599.522827148438,0.0007874669796875,114046440,262,129495261184.0,651312000.0,385391360.0,642830.1875,0.7978572
1240,3,633276910,False,0.18327334523201,7130,3720,10760,0.000142671710198462,0.000190292923128907,0.0882412739644195,463.712851290027,0.000110229102400207,114046440,97,98826342400.0,472865408.0,41726246.015625,89982.9407348633,0.5792601248
1241,1,633276271,False,0.165720611810684,5860,3430,2130,4.62326867531451e-06,3.12556562676036e-06,0.00148571084719151,475.341461181641,3.57196781005859e-06,114046440,862,291297951744.0,932916608.0,1386044.375,2915.89208984375,1.1428228448
1242,2,633275356,False,0.626204550266266,9800,6140,5730,0.00532183638145328,0.0333675134479954,14.9010331718878,446.573077586726,0.00411168581796875,114046440,379,12654179584.0,100591200.0,1498912808.0,3356478.21875,0.12322422
1243,2,633275465,False,0.374771147966385,8570,5980,9640,0.000300862742431323,0.000300184183288366,0.212608858942986,708.261352539062,0.00023244853515625,114046440,566,139568709632.0,632124928.0,134395360.0,189753.90625,0.7743530368
1244,2,633275902,True,0.99839049577713,6110,960,6970,0.000663474260050802,0.922868430614471,4610.8310546875,4996.19580078125,0.00051260458046875,114046440,1094,2135169536.0,453426.1875,2090671616.0,418452.71875,0.0005554470796875
1245,2,633275437,False,0.216745480895042,7380,3620,9730,0.000146728635724891,0.000731578154955059,0.460393577814102,629.315612792969,0.000113363509765625,114046440,520,37073051648.0,126495904.0,58237900.0,92541.640625,0.1549574824
1246,1,633276339,False,0.575034737586975,7600,5400,4430,0.00155710219447509,0.0194222583646799,12.4208512809559,639.516324401479,0.0012030274046875,114046440,760,8742176768.0,50563800.0,628045440.0,982063.1875,0.061940655
1247,2,633275568,False,0.999814867973328,6740,5330,6340,0.006663513543991,0.0721029117703438,74.6813201904297,1035.76013183594,0.005148274425,114046440,690,18184898240.0,58287144.0,4352961024.0,4202673.0,0.0714017514
1248,2,633275731,False,0.466975390911102,5250,5570,7140,0.00177003202961627,0.0116987740620971,7.25343132019043,620.016357421875,0.001367538396875,114046440,908,11810638848.0,95425200.0,692160128.0,1116357.875,0.11689587
1249,2,633275152,False,0.479637712240219,5880,7050,5790,0.000701496195575474,0.00316063384525478,0.841874837875366,266.362670898438,0.000541980578125,114046440,117,1978676992.0,139982400.0,117847664.0,442433.125,0.17147844
1250,1,633276068,False,0.541762828826904,5210,5820,4850,0.000475415034760031,0.00689272582530975,5.27420997619629,765.184936523438,0.00036730878515625,114046440,1109,14184823808.0,43501500.0,229436048.0,299843.90625,0.0532893375
1251,2,633275239,False,0.544240355491638,9660,4570,5890,0.00366179402783584,0.119176149368286,86.028450012207,721.859680175781,0.00282912616875,114046440,231,6084998144.0,19378800.0,1667128192.0,2309490.75,0.02373903
1252,2,633275483,False,0.670037090778351,3460,4830,6090,0.00823593905815847,0.00801049833138797,6.61808768589276,826.176776039107,0.00636314072734375,114046440,589,141739081728.0,648449120.0,4291493136.0,5194400.59375,0.794350172
1253,1,633275989,False,0.547456681728363,8630,5340,5300,0.000818922211071979,0.0528047308325768,38.4429893493652,728.021667480469,0.000632704690625,114046440,607344830,2637755648.0,9781200.0,376018560.0,516493.625,0.01198197
1254,2,633275288,False,0.478513240814209,5550,4450,6900,0.00390830811485711,0.0160606354475021,8.14547252655029,507.170013427734,0.003019584575,114046440,301,18367020288.0,153478800.0,1250157312.0,2464967.0,0.18801153
1255,2,633276035,False,0.150458917021751,3390,3210,7040,7.63048397649798e-06,0.0113530093804002,4.17111444473267,367.401672363281,5.89536214599609e-06,114046440,526322264,60925652.0,423900.0,1768135.5,4812.54052734375,0.0005192775
1256,1,633276452,False,0.0,0,0,0,0.0,0.0,0.0,0.0,0.0,114046440,598,4359791616.0,20722500.0,0.0,0.0,0.0253850625
1257,2,633275668,False,0.634212851524353,10470,1410,7250,0.0027354232191759,0.00192154280375689,1.35156452655792,703.374633789062,0.002113405984375,114046440,828,303095283712.0,897835520.0,1213482624.0,1725229.375,1.099848512
1258,3,633277437,False,0.227034747600555,5450,2990,9940,0.000192032169554572,6.27013249802433e-05,0.045029999966502,718.166641306074,0.000148365318201625,114046440,806,655147040768.0,1931610624.0,86980426.3340149,121114.545470715,2.3662230144
1259,2,633275078,True,1.0,6530,5900,6570,0.98593828001966,0.863386475488925,3536.05239723722,4095.56148680091,0.761742404835511,114046440,8,2671092705722.09,720222695.412811,2546745188659.12,621830534.559601,0.882272801880694
1260,2,633275574,False,0.0,0,0,0,0.0,0.0,0.0,0.0,0.0,114046440,696,16121469952.0,50709600.0,0.0,0.0,0.06211926
1261,1,633276125,False,0.0,0,0,0,0.0,0.0,0.0,0.0,0.0,114046440,1035,220317810688.0,525223808.0,0.0,0.0,0.6433991648
1262,1,633276574,False,0.227711632847786,6550,2160,5390,0.000165917493840442,2.28168955800356e-05,0.0206888373941183,906.733276367188,0.000128188947851562,114046440,382,1637444485120.0,4586252288.0,94884232.0,104644.0390625,5.6181590528
1263,3,633277618,False,0.684706509113312,4060,2030,6190,0.00734681474419993,0.00429927644502029,3.21261642876427,747.24583772354,0.00567619742994079,114046440,1015,438228566016.0,1077769856.0,3462461145.8125,4633630.55505371,1.3202680736
1264,2,633276827,False,0.994253814220428,6500,5940,6510,0.0305727935700584,0.297385066747665,671.416381835938,2257.73388671875,0.02362074155,114046440,576073704,83510902784.0,64839296.0,43534163968.0,19282238.0,0.0794281376
1265,1,633275091,False,0.479413330554962,6630,6270,4630,0.00269497604888518,0.0176293272525072,11.2363843917847,637.368896484375,0.002082156234375,114046440,576073704,26190426112.0,96414304.0,1083348224.0,1699719.375,0.1181075224
1266,1,633276430,False,0.12932276725769,6310,1680,5040,3.14693342685657e-06,9.13167023099959e-05,0.0425893366336823,466.391540527344,2.43134147949219e-06,114046440,622,5242242560.0,21735000.0,925679.25,1984.7685546875,0.026625375
1267,3,633277626,False,0.127874106168747,7270,3660,9970,1.05645057771695e-05,1.22436806148303e-05,0.00713650279678905,582.872342173391,8.16220670166015e-06,114046440,1023,199175946240.0,544201216.0,3883693.5,6663.02587890625,0.6666464896
1268,1,633276541,False,0.0326465405523777,6770,470,5460,1.00211068227028e-06,1.68560325164435e-06,0.000628106761723757,372.630218505859,7.74237309265137e-07,114046440,442,95988555776.0,374958016.0,235513.65625,632.030456542969,0.4593235696
1269,2,633275167,False,0.603571236133575,11470,6570,7160,0.00242847432515167,0.0789927042074102,50.624169657961,640.871459787447,0.0018762552484375,114046440,135,4998843904.0,19389600.0,981582400.0,1531636.9375,0.02375226
1270,2,633276011,False,0.569169580936432,8930,5390,5990,0.000559112662720854,0.020665256306529,16.9684906005859,821.112060546875,0.0004319741234375,114046440,607344858,6144166912.0,17064000.0,289550336.0,352631.9375,0.0209034
1271,1,633276073,False,0.396433115005493,5910,4800,4940,0.000505923831108041,0.00426252465695143,2.41217589378357,565.903076171875,0.00039088008203125,114046440,1104,18354522112.0,74858400.0,180571632.0,319085.78125,0.09170154
1272,2,633275622,False,0.994658768177032,6220,1810,6850,0.0574586218595581,0.0129646507080337,10.1499576862615,782.894804869056,0.0443929094557129,114046440,768,363328116416.0,2795224536.0,28371410764.0,36239109.7597656,3.4241500566
1273,1,633276537,False,0.0,0,0,0,0.0,0.0,0.0,0.0,0.0,114046440,448,55707680768.0,168938096.0,0.0,0.0,0.2069491676
1274,1,633276280,False,0.569444179534912,5960,7050,5250,0.00338852471639,0.00363272009417415,1.65103256702423,454.489349365234,0.0026179965,114046440,848,24500452244.0,588302976.0,971307392.0,2137140.0,0.7206711456
1275,1,633276807,False,0.0,0,0,0,0.0,0.0,0.0,0.0,0.0,114046440,52,135887511552.0,592686016.0,0.0,0.0,0.7260403696
1276,1,633276141,False,0.553868770599365,7720,3830,3230,0.000263191491118253,0.000704606591725976,0.466313776412431,661.807286347077,0.000203343478430176,114046440,1014,52340041344.0,235584904.0,109856486.25,165994.676269531,0.2885915074
1277,1,633276296,False,0.365739852190018,9540,2750,3690,0.000155438883704239,0.000109190586954355,0.0836983323097229,766.534301757812,0.0001200931046875,114046440,828,323590225920.0,897835520.0,75147336.0,98035.1875,1.099848512
1278,1,633276305,False,0.0,0,0,0,0.0,0.0,0.0,0.0,0.0,114046440,816,43461681152.0,105716704.0,0.0,0.0,0.1295029624
1279,1,633276367,False,0.148387789726257,12380,4810,4560,1.80416056206005e-05,7.59065223974176e-05,0.0381848029792309,503.050354003906,1.39390632568359e-05,114046440,711,22919542784.0,149905792.0,5724123.0,11378.8271484375,0.1836345952
1280,1,633276303,False,6.88512373017147e-05,4140,3130,5000,9.82498610327441e-11,2.21878893036376e-09,8.75682019341184e-07,394.666656494141,7.59084893390536e-11,114046440,819,5767287296.0,27927900.0,24.4559593200684,0.0619661137461662,0.0342116775
1281,3,633276962,False,0.620218217372894,10390,4130,6400,0.0243363020966523,0.0838148943582754,71.2568603012968,850.169422116098,0.0188023871875,114046440,162,63019118592.0,183128400.0,13049154816.0,15348887.5,0.22433229
1282,3,633277570,False,0.454984426498413,6140,580,6490,0.000217656053321662,0.000227672585719982,0.141844942387929,623.0216164997,0.000168162499462891,114046440,965,175419908096.0,602951424.0,85525610.0,137275.509765625,0.7386154944
1283,1,633276756,False,0.366955578327179,5420,5760,5640,0.000171314058638314,0.0016262048156932,0.781521081924438,480.579742431641,0.000132358369335937,114046440,133,8893945856.0,66441600.0,51925512.0,108047.6484375,0.08139096
1284,3,633277277,False,0.61256217956543,6670,4330,5810,0.0437017262416632,0.12271171740591,115.210788305603,938.873570846573,0.03376424135,114046440,599,96777625600.0,224612992.0,25877839872.0,27562646.0,0.2751509152
1285,3,633277535,False,0.39607897400856,6230,1130,8330,0.000432808653881638,0.000915005438268992,0.63377596682185,692.647213136599,0.00033439081484375,114046440,182305697,105240879104.0,298328384.0,189073360.0,272972.09375,0.3654522704
1286,3,633277449,False,0.696230053901672,9380,4700,10420,0.00229614482306278,8.69559935205086e-05,0.0628523206061253,722.806077666188,0.00177401660409775,114046440,822,4592470253568.0,16654134592.0,1046751006.79395,1448176.81967163,20.4013148752
1287,2,633275250,False,0.567439258098602,7340,3010,9490,6.53716452063026e-05,0.00300794094800949,1.67281103134155,556.131591796875,5.05065633789062e-05,114046440,243,3317004288.0,13707000.0,22929220.0,41229.84765625,0.016791075
1288,3,633277641,False,0.690654695034027,8310,4430,7790,0.00498854192735666,0.0571741327621862,49.8361117653045,871.654878834736,0.00385418032890625,114046440,1044,14655292416.0,55029600.0,2742461296.0,3146269.65625,0.06741126
1289,1,633276143,False,0.0,0,0,0,0.0,0.0,0.0,0.0,0.0,114046440,1010,27882872832.0,81598496.0,0.0,0.0,0.0999581576
1290,2,633275280,False,0.316005229949951,3160,4440,6530,9.48375886229854e-05,0.000253995676757768,0.177286773920059,697.991333007812,7.32721452148437e-05,114046440,288,71804919808.0,235492192.0,41749652.0,59813.99609375,0.2884779352
1291,1,633276552,False,0.0111711286008358,10310,2220,2170,2.73756065411265e-07,4.8294561377709e-07,9.32375140040952e-05,193.060070004343,2.11505738067627e-07,114046440,425,105035695872.0,357509708.0,33333.31640625,172.657745361328,0.4379493923
1292,3,633277318,False,0.00103933131322265,8040,1900,9000,1.48311284689253e-09,4.6711518672224e-08,3.28936698999298e-05,704.187550200317,1.14586274772882e-09,114046440,649,4463928320.0,20025000.0,658.695739746094,0.935398161411285,0.024530625
1293,2,633275883,False,0.245316445827484,10660,5670,9100,9.04000362036582e-05,4.092728830604e-06,0.00186413369964612,455.474520008943,6.98436630065918e-05,114046440,1073,4606911414272.0,13930860672.0,25968986.84375,57015.2351074219,17.0653043232
1294,3,633277531,False,0.590305030345917,6570,700,8250,0.00575192674166479,0.0242469781755878,18.9863420556625,783.039516024235,0.00444397646123047,114046440,182305693,45468555264.0,149616000.0,2840660553.0,3627735.88671875,0.1832796
1295,2,633275124,False,0.783104479312897,7610,2870,5890,0.0066295765470047,0.0015591731912329,1.40101865842434,898.565128173157,0.00512205447774658,114046440,73,97373934808.0,2681721944.0,3757142480.25,4181268.96142578,3.2851093814
1296,2,633275562,False,0.999992847442627,6400,4820,6990,0.0832763633887529,0.151229694485664,247.94612121582,1639.53332519531,0.0643398665,114046440,685,235884756992.0,347301760.0,86112124928.0,52522340.0,0.425444656
1297,1,633276838,False,0.651850402355194,7080,1490,3300,0.000194918117911779,0.00117295503150672,0.742045402526855,632.629089355469,0.000150595020898437,114046440,9,33336264704.0,104807696.0,77772072.0,122934.7109375,0.1283894276
1298,1,633276805,False,0.495270818471909,3600,5650,4920,0.000169536443358846,5.39865286555141e-05,0.0396351702511311,734.167785644531,0.000130984972070312,114046440,56,650790830080.0,1980614656.0,78502000.0,106926.5078125,2.4262529536
1299,3,633277161,False,0.828957438468933,7610,4630,6170,0.0156421875992874,0.15643012307624,228.700670338975,1461.99891581951,0.0120852571,114046440,414,39828916224.0,63066600.0,14423373696.0,9865516.0,0.077256585
1300,1,633276731,False,0.761429607868195,9160,4260,5690,0.034719836398002,0.0663418156621601,56.9722722472165,858.768661643854,0.0268247741357422,114046440,165,103541364992.0,330075000.0,18805122762.0,21897774.8046875,0.404341875
1301,1,633276316,False,0.104571007192135,3150,4480,3440,3.52506539469928e-06,6.85778695697081e-06,0.00499148806557059,727.856994628906,2.72348872680664e-06,114046440,800,102189834240.0,324194400.0,1618212.5,2223.25610351562,0.39713814
1302,1,633276539,False,0.67534476518631,7420,4050,5600,0.0711257928274586,0.0494119495140755,39.2015895014303,793.362534507232,0.05495225570625,114046440,444,284106776576.0,907857000.0,35589437440.0,44858984.25,1.112124825
1303,2,633275462,False,0.746667683124542,6530,5940,8440,0.0517074468659769,0.0968852862715721,95.2595062255859,983.219543457031,0.0399495138,114046440,559,145948753920.0,336602688.0,32064606208.0,32611848.0,0.4123382928
1304,3,633277505,False,0.606822669506073,7530,4600,10190,0.000263594288509711,0.000107882665467647,0.0842384346418838,780.833827906729,0.000203654682346129,114046440,895,392737491456.0,1541014208.0,129812624.642822,166248.720282555,1.8877424048
1305,2,633275916,False,0.614446520805359,13020,6400,6100,0.00533634889472828,0.00803236942738295,4.11269187927246,512.014770507812,0.00412289828125,114046440,1107,54185549824.0,419008512.0,1723252992.0,3365631.25,0.5132854272
1306,3,633277682,False,0.995571494102478,6110,960,7050,0.0101468256164398,0.0261113996558248,32.4564797446614,1243.00038192021,0.00783950426020508,114046440,1094,113240983040.0,245088176.0,7954699420.0,6399595.31445312,0.3002330156
1307,1,633276692,False,0.496882766485214,6420,7150,5520,0.00183376169149231,0.00901997555047274,3.79887056350708,421.161956787109,0.001416776353125,114046440,223,13821142016.0,128221200.0,487095744.0,1156552.125,0.15707097
1308,1,633276800,False,0.423248320817947,6270,3630,4880,0.000219028373779083,0.00190535944420844,1.31522512435913,690.276672363281,0.00016922276328125,114046440,64,26015559680.0,72501296.0,95355528.0,138141.03125,0.0888140876
1309,1,633276070,False,0.412483960390091,12590,6690,4900,0.000861909815647227,0.00129736238159239,0.607714951038361,468.423461914062,0.000665917196875,114046440,1107,49656430592.0,419008512.0,254637744.0,543605.875,0.5132854272
1310,3,633277609,False,0.225348964333534,7670,3190,1700,1.71820968261431e-05,0.000217949124435417,0.110485827028201,506.934025609911,1.32750011047363e-05,114046440,1005,11562770432.0,49721400.0,5493510.0,10836.7355957031,0.060908715
1311,3,633276961,False,0.39302122592926,8940,6180,8330,9.66674853613424e-05,0.000160780624580916,0.115114583360584,715.972982818274,7.46859354797363e-05,114046440,589508447,94111371264.0,379200608.0,43651520.0,60968.1105957031,0.4645207448
1312,2,633275704,False,0.64702582359314,9910,4160,5700,0.0204912214233189,0.187842085957527,257.914276123047,1373.03784179688,0.01583165255,114046440,872,45536002048.0,68801400.0,17744863232.0,12923798.0,0.084281715
1313,1,633276064,False,3.91440044040792e-05,10670,5110,5000,5.58580094167942e-11,2.69698263721807e-09,1.14968497655354e-06,426.285675048828,4.31562657468021e-11,114046440,1116,385425984.0,13062600.0,15.0178756713867,0.035229604691267,0.016001685
1314,3,633277085,False,0.727638602256775,5730,580,6880,0.0410346001687557,0.0216376902007006,21.796423002839,1007.33594023512,0.0317036021903809,114046440,320,396224970752.0,1196083840.0,26070349323.5,25880491.5839844,1.465202704
1315,1,633276463,False,0.0895716324448586,6240,4850,1940,6.42219509151069e-06,1.63436197908595e-05,0.00989895593374968,605.677062988281,4.96183020019531e-06,114046440,583,64180998144.0,247832096.0,2453279.0,4050.4736328125,0.3035943176
1316,3,633277227,False,0.97361022233963,7840,5690,6070,0.0533324781287751,0.146725341412742,245.348558972738,1672.16212694007,0.04120502365,114046440,525,144517099520.0,229249792.0,56246106112.0,33636754.0,0.2808309952
1317,3,633277013,False,0.178720265626907,8020,1680,9010,2.10276963649206e-05,6.03196324519406e-05,0.0448190460922205,743.025848639411,1.62461366210937e-05,114046440,312782616,89167425536.0,219864608.0,9854122.0,13262.15234375,0.2693341448
1318,1,633276181,False,0.263475984334946,6710,590,4470,4.83326547497348e-05,0.000101113844721112,0.0638005807995796,630.977722167969,3.73421271972656e-05,114046440,965,88181981184.0,301475712.0,19234326.0,30483.369140625,0.3693077472
1319,2,633275626,False,0.37249568104744,6510,920,6590,0.000219824216646107,0.00042018253589049,0.332765340805054,791.954223632812,0.00016983763671875,114046440,774,115995443200.0,329958912.0,109798888.0,138642.96875,0.4041996672
1320,3,633277769,False,0.518215179443359,8460,4260,5750,0.00236746802944069,0.10143476485014,102.675627292737,1012.233108091,0.0018291213828125,114046440,549009211,6524800000.0,14720400.0,1511426304.0,1493160.3125,0.01803249
1321,2,633275533,True,0.999904572963715,6050,1360,6930,0.000433981508850219,0.857480525970459,2900.05493164062,3382.06494140625,0.0003352969703125,114046440,648,986189568.0,319204.6875,925711104.0,273711.8125,0.0003910257421875
1322,1,633276759,False,0.672587037086487,7620,2920,5580,0.00159522287952249,0.00250877579674125,1.86907720565796,745.015625,0.001232479696875,114046440,129,19895003136.0,401034592.0,749564608.0,1006105.875,0.4912673752
1323,1,633276019,False,0.597778141498566,6150,6810,3940,0.0010264276095963,0.000355416816924724,0.268818528092018,756.347238766006,0.000793024727377319,114046440,278,502292884352.0,1821430764.0,489634337.0,647367.124389648,2.2312526859
1324,1,633276221,False,0.0,0,0,0,0.0,0.0,0.0,0.0,0.0,114046440,929,4161728256.0,24082200.0,0.0,0.0,0.029500695
1325,1,633276716,False,0.514586508274078,12740,7370,5220,0.000351472715146024,0.000878511869814247,0.17479307949543,198.964965820312,0.000271550133203125,114046440,190,1816500096.0,252328496.0,44105276.0,221673.578125,0.3091024076
1326,2,633275084,False,0.672273635864258,5900,4350,5990,0.0196614868084091,0.119836457073689,119.75333404541,999.306396484375,0.015190594125,114046440,15,49038422016.0,103478400.0,12391883776.0,12400485.0,0.12676104
1327,1,633276286,False,0.535914540290833,10200,6950,5670,0.000774480813347599,0.00362497381865978,0.636824488639832,175.676986694336,0.00059836897421875,114046440,841,2747151872.0,134749792.0,85811968.0,488464.46875,0.1650684952
1328,3,633277083,False,0.257184594869614,10890,5000,5850,0.000137696739541605,0.00555845049083141,3.32587423195084,598.345570845117,0.000106385407324219,114046440,318,3643960704.0,15624000.0,51963459.0,86845.23046875,0.0191394
1329,3,633277396,False,0.742097318172455,10350,3900,6580,0.0277029924061139,0.00688633258264537,2.84468207658676,413.091009248638,0.0214035142809875,114046440,752,81981862336.0,2537236816.0,7217632094.53125,17472256.5559082,3.1081150996
1330,2,633276072,False,0.664342164993286,7450,3490,6730,0.0227931616874316,0.135529145598412,130.778442382812,964.947082519531,0.01761014675,114046440,560581551,45654691840.0,106070400.0,13871722496.0,14375630.0,0.12993624
1331,1,633276120,False,0.602367281913757,9690,4840,5200,0.00562378977842258,0.0156521443277597,5.82625389099121,372.233581542969,0.004344977,114046440,1043,15760230400.0,226609200.0,1320282752.0,3546920.0,0.27759627
1332,2,633275443,False,0.589720785617828,5620,2690,5750,0.00123495994563461,0.0461194477975368,29.1294384002686,631.608520507812,0.0009541381828125,114046440,530,2621020672.0,16888500.0,491952512.0,778888.3125,0.0206884125
1333,2,633275472,False,0.999989151954651,6540,3260,6410,0.0353292793215744,0.137187451124191,200.508880615234,1461.56872558594,0.02729563375,114046440,575,84992188416.0,162421200.0,32566892544.0,22282150.0,0.19896597
1334,1,633276294,False,0.108294256031513,3770,3660,3700,1.62035496905414e-06,4.70364684588276e-05,0.0210999920964241,448.587951660156,1.25189691467285e-06,114046440,831,4712190464.0,21726900.0,458437.4375,1021.95666503906,0.0266154525
1335,3,633277491,False,0.295807540416718,5960,3580,10500,0.00261067242500573,0.00147770950631588,0.912948784303807,617.813433832409,0.0020170226996582,114046440,873,261155299328.0,1114257664.0,1017260179.75,1646549.14257812,1.3649656384
1336,3,633277644,False,0.440793216228485,7610,1730,9380,0.000234520182057518,0.00012823488307253,0.118819106457486,926.573983697411,0.000181191836328125,114046440,1047,529273716736.0,1153443584.0,137051136.0,147911.703125,1.4129683904
1337,3,633277541,False,0.344543904066086,12240,2760,4480,7.83832932547232e-06,1.64717714392391e-06,0.0013852284553551,840.971149013882,6.05594483070373e-06,114046440,936,1175810015232.0,3001273088.0,4157448.88378906,4943.62843322754,3.6765595328
1338,2,633275195,False,0.620546102523804,7400,3440,8010,0.00566266661824483,0.0109874663599099,6.76385631391074,615.597453712359,0.00437501350234375,114046440,170,85881379840.0,325046692.0,2198569120.0,3571439.59375,0.3981821977
1339,1,633276357,False,0.0386012271046638,7740,4200,1390,2.74265724571276e-06,7.34324248696794e-06,0.0041742785833776,568.45166015625,2.11899504089355e-06,114046440,729,64430391296.0,235562400.0,983303.0625,1729.79187011719,0.28856394
1340,3,633277399,False,0.0533550344407558,7090,3120,10300,4.6664239788017e-06,8.43954849233573e-06,0.00508969826212942,603.077080101094,3.6053098815918e-06,114046440,755,104854114304.0,348728384.0,1774922.25,2943.11010742188,0.4271922704
1341,2,633275132,False,0.976699352264404,6670,5950,6380,0.0605795741005612,0.11980152130127,135.44694519043,1130.59448242188,0.0468041777,114046440,88,171005103872.0,318923264.0,43197181952.0,38207492.0,0.3906809984
1342,3,633277152,False,0.611311495304108,8400,4850,5670,0.0048964928545619,0.0918455381572686,49.9232072329289,543.556151279168,0.003783062609375,114046440,397,6102202880.0,33624000.0,1678617920.0,3088214.375,0.0411894
1343,2,633275215,False,0.581266522407532,11500,4870,6100,0.00404172947201121,0.00311737204901874,2.28709363937378,733.660766601562,0.00312266679375,114046440,202,202796400640.0,817713024.0,1870186240.0,2549115.75,1.0016984544
1344,2,633275834,False,0.567439258098602,7340,3010,9490,0.00177959229733297,0.00205312902954193,1.39060898387448,677.312026602018,0.00137492472264099,114046440,1011,210595557376.0,546671696.0,760206571.6875,1122387.52868652,0.6696728276
1345,2,633276707,False,0.103840447962284,9750,2770,9740,1.03077463342629e-05,3.75079507648479e-05,0.0246871672570705,658.184936523438,7.96383266601562e-06,114046440,312782644,60207194112.0,173325600.0,4278918.0,6501.087890625,0.21232386
1346,1,633276657,False,0.0,0,0,0,0.0,0.0,0.0,0.0,0.0,114046440,269,26319441920.0,92317504.0,0.0,0.0,0.1130889424
1347,2,633275198,False,0.329421669244766,12500,5920,6040,0.00027306901292822,0.0127607677131891,8.44777679443359,662.011657714844,0.000210974916796875,114046440,177,3628965888.0,13496400.0,114014576.0,172224.421875,0.01653309
1348,1,633276336,False,0.255185723304749,2670,2620,4760,3.94823495493565e-05,1.22343526527402e-05,0.0115348836407065,942.827392578125,3.05043231445312e-05,114046440,767,748827639808.0,2035374336.0,23477806.0,24901.48828125,2.4933335616
1349,1,633276234,False,0.172285929322243,5470,5750,5190,2.44498064480248e-05,0.00293740117922425,1.90793585777283,649.531982421875,1.88900813964844e-05,114046440,914,1529654784.0,5249700.0,10016091.0,15420.474609375,0.0064308825
1350,2,633275596,False,0.609840929508209,10490,3590,7050,0.00127441189118202,0.000258101819781587,0.134167119860649,519.822448730469,0.000984619015625,114046440,728,354155659264.0,3114161152.0,417818016.0,803770.625,3.8148474112
1351,2,633275330,False,0.858586609363556,8180,5260,6840,0.14608940547602,0.112329739348882,118.644056216182,1056.21233436399,0.112869636267773,114046440,348,345635824384.0,820250088.0,97317797552.0,92138478.5859375,1.0048063578
1352,2,633276026,False,0.0279936548322439,6220,2600,6050,3.04310308666088e-07,6.21736148787022e-07,0.000665455707348883,1070.31848144531,2.35112147521973e-07,114046440,10704,83485499392.0,308697312.0,205424.390625,191.928283691406,0.3781542072
1353,2,633275392,False,0.19979564845562,7330,260,6140,0.000204511661295837,0.0003439994470682,0.186247363686562,541.417663574219,0.000158007055664062,114046440,442,86985695232.0,374958016.0,69834944.0,128985.3515625,0.4593235696
1354,2,633275575,False,0.697571396827698,8420,4890,6650,0.0368523317094702,0.0775913223624229,63.1269226074219,813.582214355469,0.02847235405,114046440,697,63406747648.0,299553312.0,18909878272.0,23242738.0,0.3669528072
1355,1,633276786,False,0.0267112459987402,9350,6260,3950,7.5600075936611e-07,1.7793045117287e-05,0.00142179557587951,79.9073791503906,5.84091162872314e-07,114046440,93,231557136.0,26797500.0,38100.56640625,476.809112548828,0.0328269375
1356,2,633275585,False,0.974980413913727,7080,4930,7390,0.0859473744694216,0.0424992904684197,60.4697743251269,1422.84197356332,0.0664035072421875,114046440,709,445825526223.0,1275478816.0,77127916160.0,54206944.6875,1.5624615496
1357,2,633275383,False,0.514365434646606,12690,6530,7880,0.00188819056540577,0.00157439336180687,0.788368165493011,500.744110107422,0.001458828459375,114046440,429,129900879872.0,756405888.0,596326336.0,1190880.375,0.9265972128
1358,1,633276715,False,0.617500066757202,7530,6010,4960,0.0528937365262731,0.0359085164964199,20.5921401977539,573.461181640625,0.040866049,114046440,194,190505025536.0,929028608.0,19130687488.0,33360040.0,1.1380600448
1359,1,633276766,False,0.0,0,0,0,0.0,0.0,0.0,0.0,0.0,114046440,121,4150103552.0,17208000.0,0.0,0.0,0.0210798
1360,3,633277685,False,1.0,7040,5040,7300,1.871284341106,0.0900450950573907,145.524234561292,1616.12616954362,1.4457665992,114046440,1097,5909672185924.0,13106961920.0,1907380600832.0,1180217632.0,16.056028352
1361,3,633277362,False,0.520303010940552,5580,3100,9500,7.12954707680325e-05,8.80599497316849e-05,0.332788259621741,3779.11026108615,5.508335e-05,114046440,702,238039662592.0,510629408.0,169931472.0,44966.0,0.6255210248
1362,1,633276720,False,1.0,7300,3070,5140,0.0528621239946676,0.214926734566689,494.852600097656,2302.42456054688,0.04084162495,114046440,186,128028491776.0,155123104.0,76763070464.0,33340102.0,0.1900258024
1363,2,633275849,True,0.0492482073605061,6500,5600,7360,2.84093465750611e-07,0.18251146376133,507.691040039062,2781.69384765625,2.19492481613159e-07,114046440,1031,1079905.75,981.733032226562,498417.0625,179.177536010742,1.20262296447754e-06
1364,2,633275139,False,0.569169580936432,8930,5390,5990,0.00360727398527119,0.0142427813261747,11.5124349594116,808.299621582031,0.002787003625,114046440,100,55728072448.0,159737408.0,1838966528.0,2275105.0,0.1956783248
1365,1,633276635,False,0.612301647663116,8830,1580,5350,0.00308751809533427,0.00200668457629736,1.61928033658021,806.943131823949,0.00238543680327148,114046440,302,315466047488.0,970404304.0,1571356608.0,1947295.34960938,1.1887452724
1366,2,633275495,False,0.688948154449463,10680,5020,5850,0.00493381432746603,0.063891775906086,44.5279884338379,696.928344726562,0.003811897425,114046440,604,15318198272.0,48703500.0,2168668928.0,3111753.0,0.0596617875
1367,3,633277032,False,0.171668857336044,7150,2950,9800,0.000118525714125709,0.000242111109940139,0.195344631006399,806.838773547801,9.1573746899414e-05,114046440,252,124955672576.0,308759392.0,60314489.5,74754.0791015625,0.3782302552
1368,2,633275520,False,0.605396211147308,6400,6830,8190,0.00678807739597482,0.00291375607993829,1.79896536078694,617.404240929132,0.00524451327695312,114046440,631,323510419456.0,1469318368.0,2643252848.0,4281235.328125,1.7999150008
1369,2,633276659,False,0.0,0,0,0,0.0,0.0,0.0,0.0,0.0,114046440,312782582,20088899584.0,52763400.0,0.0,0.0,0.064635165
1370,1,633276703,False,0.0,0,0,0,0.0,0.0,0.0,0.0,0.0,114046440,209,16391083008.0,129404704.0,0.0,0.0,0.1585207624
1371,3,633277417,False,0.0854414850473404,11310,4550,7730,1.94286871776115e-06,5.79961494825241e-05,0.0540887028833229,932.625758191436,1.50107315979004e-06,114046440,781,6552144896.0,21128400.0,1142807.75,1225.36584472656,0.02588229
1372,1,633276061,False,0.054748572409153,9040,5690,1200,1.36856795697627e-06,1.95898223864788e-06,0.000829260214231908,423.311737060547,1.05736461181641e-06,114046440,1121,82686222336.0,440613888.0,365383.5625,863.15478515625,0.5397520128
1373,3,633277306,False,0.422425985336304,10230,1860,5950,0.000158175637168178,0.00610586316204418,4.75862332145961,779.353089836765,0.000122207538427734,114046440,633,5107533312.0,16338600.0,77749243.0,99761.255859375,0.020014785
1374,2,633275407,False,0.715299129486084,6230,2110,6820,0.00162093580843276,0.000362713442882523,0.307919830083847,848.934143066406,0.001252345675,114046440,463,879949578240.0,2818541824.0,867884928.0,1022323.0,3.4527137344
1375,2,633275436,False,0.188990861177444,11400,4300,6900,4.50977791098205e-05,3.54688832569832e-05,0.0167497444576589,472.23771710831,3.48428409851074e-05,114046440,519,196543705856.0,801917988.0,13431921.375,28443.1354980469,0.9823495353
1376,3,633277045,False,0.0,0,0,0,0.0,0.0,0.0,0.0,0.0,114046440,312782582,37167674368.0,105526800.0,0.0,0.0,0.12927033
1377,3,633276920,False,0.712036192417145,6230,4870,9820,0.00120025599140248,0.000345478821450636,0.228029189414415,660.038113065628,0.000927325679342651,114046440,111,566191586432.0,2191163416.0,499649217.625,757000.55456543,2.6841751846
1378,2,633275919,True,0.0271088797599077,6250,1110,6900,1.57481426424731e-07,0.928369164466858,2637.78442382812,2841.30981445312,1.21671186637878e-07,114046440,1111,291960.8125,106.98698425293,282208.59375,99.3234176635742,1.31059055709839e-07
1379,3,633277121,False,0.520303010940552,5580,3100,9500,0.00154317701538902,0.00035819617038463,0.263000516855576,734.235981845275,0.00119226871966659,114046440,353,1053888683264.0,2717171952.0,714617627.761475,973280.587482929,3.3285356412
1380,2,633275079,False,1.0,6910,5360,7180,8.32907546387074,0.0263330725163129,33.6685254925778,1278.56426445189,6.43509852744417,114046440,8,67529521447851.3,199488367785.5,6716479196258.83,5253141655.05646,244.373250537237
1381,2,633275083,False,0.629687011241913,8080,5130,5760,0.00912997120663513,0.147427842020988,188.63688659668,1279.52014160156,0.00705387585,114046440,12,21229576192.0,39058200.0,7367817216.0,5758266.0,0.047846295
1382,1,633276211,False,0.321870267391205,6350,1700,5040,0.000882472706729169,0.000977159012109041,0.38797926902771,397.048278808594,0.000681804221875,114046440,940,75643305984.0,569584768.0,220987088.0,556574.875,0.6977413408
1383,3,633277177,False,0.679857730865479,2860,3460,4080,0.000477515432432244,0.000695873827354205,0.47249217638034,678.991158751883,0.000368931566223144,114046440,440,104002433024.0,432792000.0,204490834.0,301168.625488281,0.5301702
1384,2,633275778,False,1.0,7280,3050,6020,0.160560909766294,0.338527435667728,1308.2007905228,3864.38631758882,0.1240504157375,114046440,958,477111185408.0,299135712.0,391329574912.0,101265645.5,0.3664412472
1385,3,633277012,False,0.544240355491638,9660,4570,5890,0.00420996615512547,0.0685084344747869,46.8391685759696,683.699298269731,0.0032526475625,114046440,231,8874926592.0,38757600.0,1815373760.0,2655222.5,0.04747806
1386,1,633276265,False,0.688342094421387,9860,3510,5640,0.0165677983388663,0.151876240968704,161.648651123047,1064.34460449219,0.01280039005,114046440,872,32532713472.0,68801400.0,11121653760.0,10449298.0,0.084281715
1387,1,633276750,False,0.590214371681213,6900,5770,5530,0.0197762795549124,0.0135486723136668,9.37733471923274,692.122039867599,0.015279283756543,114046440,141,229401536352.0,920598300.0,8632758401.05664,12472884.6992188,1.1277329175
1388,2,633275630,False,0.417911112308502,8010,6300,8100,0.000485614478063116,0.000704090634826571,0.492705762386322,699.776062011719,0.0003751889421875,114046440,780,114128510976.0,434996096.0,214325088.0,306276.6875,0.5328702176
1389,2,633275848,False,0.903890490531921,5480,790,7580,0.0206576589129213,0.0966472998261452,115.981597900391,1200.05004882812,0.01596024325,114046440,1030,70487678976.0,134807392.0,15635176448.0,13028770.0,0.1651390552
1390,1,633276545,False,0.331476211547852,6370,6080,4800,0.000577284209991863,0.00300089363008738,1.32636833190918,441.991119384766,0.00044601358046875,114046440,436,14644239360.0,121328096.0,160925744.0,364092.71875,0.1486269176
1391,3,633277528,False,0.590305030345917,6570,700,8250,0.0086198124797123,0.00478524349112786,3.55111168783125,742.096341474626,0.0066597238595871,114046440,182305689,416084721152.0,1136098776.0,4034413641.98438,5436509.27313232,1.3917210006
1392,3,633277637,False,0.384310245513916,6510,2240,8440,0.00267351929315238,0.001445584224526,0.912496452923777,631.230223353455,0.00206557860366211,114046440,1038,400454287360.0,1166439552.0,1064371953.75,1686186.61523438,1.4288884512
1393,1,633276362,False,0.679857730865479,2860,3460,4080,3.42017777711844e-05,1.75709148660325e-05,0.0368826207060109,2099.07230142644,2.64245186306715e-05,114046440,723,404352009216.0,1227655804.0,45279163.3764648,21571.0356168747,1.5038783599
1394,2,633275599,False,0.598650634288788,7920,5840,5740,0.00280843602986244,0.0511470474302769,50.4688758850098,986.74072265625,0.0021698161625,114046440,732,10667785216.0,34631100.0,1747792640.0,1771278.5,0.0424230975
1395,2,633275461,False,0.339678376913071,5420,1550,9140,0.000940534750488693,0.00326026557013392,1.92514824867249,590.488159179688,0.0007266633390625,114046440,558,46653333504.0,181946704.0,350274368.0,593194.5625,0.2228847124
1396,3,633277668,False,0.267194479703903,3750,3520,6500,5.2084477583713e-05,0.00337085344489707,1.55798609828428,462.193365494078,4.02408102142334e-05,114046440,1081,1776364544.0,9745200.0,15182886.125,32849.6409912109,0.01193787
1397,1,633276812,False,0.178468376398087,3490,3430,5100,3.04420568850375e-05,5.05330711712025e-05,0.0285822353499914,565.614451834063,2.35197335266113e-05,114046440,44,102344372352.0,379944896.0,10859674.4375,19199.7824707031,0.4654324976
1398,3,633276928,False,0.212441354990005,6140,5420,10150,9.25031385097275e-05,0.000153597698489152,0.0745678519824102,485.475060602398,7.14685336914062e-05,114046440,120,74578458624.0,379834208.0,28323421.0,58341.66015625,0.4652969048
1399,2,633276673,False,0.217715725302696,8030,1070,9230,1.34450457368723e-05,0.000110366381704807,0.144596740603447,1310.15197753906,1.03877308349609e-05,114046440,312782604,26829594624.0,76833000.0,11109801.0,8479.7802734375,0.094120425
1400,1,633276224,False,0.0587269552052021,9700,2800,2520,5.08271452908179e-06,1.41940271052198e-06,0.000563660667141548,397.111167227702,3.9269387008667e-06,114046440,926,569368207360.0,2258460000.0,1273005.0703125,3205.66424560547,2.7666135
1401,3,633277048,False,0.0,0,0,0,0.0,0.0,0.0,0.0,0.0,114046440,312782578,20685344768.0,66736800.0,0.0,0.0,0.08175258
1402,3,633277208,False,0.754680037498474,4320,5140,7050,0.193717584314117,0.00521749546368841,3.94315855331492,755.756968215431,0.149667480738672,114046440,485,7083445452800.0,23416893440.0,92336523660.0,122177535.296875,28.685694464
1403,3,633277548,False,0.691835105419159,6470,6470,8880,0.00574872776900384,0.00144263927174821,0.917717107961945,636.13761661281,0.00444150491389618,114046440,942,613106040832.0,2513253568.0,2306455796.0,3625718.29705811,3.0787356208
1404,2,633275401,False,0.540907979011536,5050,5420,5700,0.00185383603751954,0.0645367875695229,38.7770881652832,600.852416992188,0.001432285925,114046440,452,4141345024.0,18117000.0,702524480.0,1169213.0,0.022193325
1405,2,633275616,True,1.0,6740,5540,7110,0.00501653481576924,0.656204222496684,2111.44586176037,3217.66576528092,0.00387580781875,114046440,760,11932577792.0,4821555.0,10180452352.0,3163924.75,0.005906404875
1406,2,633275399,False,0.579564571380615,5590,980,8260,0.0203353246153352,0.0619830638170242,56.1404113769531,905.737915039062,0.01571120565,114046440,450,83554164736.0,206919008.0,11616518144.0,12825474.0,0.2534757848
1407,1,633276802,False,0.486244708299637,9540,4010,5600,0.000708327601343632,0.00665843486785889,2.34034085273743,351.485107421875,0.0005472585671875,114046440,62,2246715392.0,67094100.0,157023056.0,446741.6875,0.0821902725
1408,2,633275906,False,1.0,7040,5040,7300,1.57932684193084,0.15896663069725,282.244232177734,1775.49353027344,1.2201983136,114046440,1097,4177259338852.0,6265970688.0,1768534048768.0,996080256.0,7.6758140928
1409,3,633277675,False,0.676593780517578,8340,4170,7880,0.00498010989240796,0.0139424956013878,8.86512575552534,635.834932925706,0.00384766568320312,114046440,1088,47575867392.0,225279008.0,1997126736.0,3140951.578125,0.2759667848
1410,3,633277108,False,0.99984210729599,6630,5820,7540,0.198943855312312,0.0460555348826313,55.2950110085414,1200.61597698205,0.1537053321125,114046440,342,904950280130.531,2724400896.0,150645777536.0,125473740.5,3.3373910976
1411,1,633276097,False,0.235835775732994,11750,3130,4150,5.04408705102369e-05,2.28363630865068e-06,0.00131772069714398,577.027389235447,3.89709485706329e-05,114046440,1073,4267187077120.0,13930860672.0,18356983.4365234,31813.019241333,17.0653043232
1412,2,633275758,False,0.603571236133575,11470,6570,7160,0.00166706238930683,0.110169641673565,68.6561050415039,623.185302734375,0.001287983375,114046440,939,2751080960.0,9543600.0,655226368.0,1051415.0,0.01169091
1413,3,633277176,False,0.546106815338135,11800,5560,7090,0.00247614528563495,0.000938778771240741,0.578922486147001,616.676158304971,0.00191308614628906,114046440,437,261154873344.0,1663547392.0,963064992.0,1561702.9765625,2.0378455552
1414,1,633276768,False,0.226578384637833,4480,5450,1860,3.02053133584669e-05,2.44026069841871e-05,0.0106794646452299,437.636218628205,2.33368239196777e-05,114046440,119,219007379200.0,780673496.0,8337175.0,19050.4685058594,0.9563250326
1415,2,633275490,False,0.20507150888443,7410,3620,9720,4.65059589012242e-05,0.00141543126665056,0.678227365016937,479.166595458984,3.59308099609375e-05,114046440,598,4239508224.0,20722500.0,14054566.0,29331.2734375,0.0253850625
1416,2,633275611,False,0.763345122337341,7790,5740,6180,0.0021909370800922,0.092219240963459,125.776725769043,1363.88806152344,0.001692732409375,114046440,753,6317291008.0,14984100.0,1884651008.0,1381822.375,0.0183555225
1417,2,633275976,False,0.693072080612183,5480,6440,7430,0.0188629588264144,0.0725753381848335,47.868782043457,659.573669433594,0.01457364615,114046440,298,44591316992.0,163924192.0,7846851584.0,11896854.0,0.2008071352
1418,2,633275593,False,0.526756286621094,7690,4400,6890,0.00109708579264102,0.0155592253431678,15.6036787033081,1002.85711669922,0.0008476157046875,114046440,725,11015529472.0,44470800.0,693908096.0,691931.1875,0.05447673
1419,2,633276044,False,0.647087812423706,6960,3660,8020,0.00479100458116712,0.00362815102562308,2.64430832862854,728.830871582031,0.003701561675,114046440,484682520,96276791296.0,832843776.0,2202295808.0,3021683.0,1.0202336256
1420,1,633275263,False,0.0,0,0,0,0.0,0.0,0.0,0.0,0.0,114046440,312782586,9816109056.0,25765200.0,0.0,0.0,0.03156237
1421,1,633276390,False,0.559879839420319,9310,4940,5340,0.00863796491425674,0.0201222188770771,9.20080184936523,457.245880126953,0.00667374855,114046440,679,41686491136.0,270743392.0,2491056384.0,5447958.0,0.3316606552
1422,3,633277716,False,0.409383922815323,1860,3740,7150,2.82486654079786e-05,8.98642388821048e-05,0.115312308331719,1283.18349730865,2.18251048339844e-05,114046440,196,26352145408.0,198259200.0,22861726.0,17816.412109375,0.24286752
1423,1,633276228,False,0.0921938270330429,6310,2060,3250,6.602232564783e-06,7.33038925890757e-06,0.00483651253291202,659.789318423288,5.10092833709717e-06,114046440,182305689,202634174720.0,568049388.0,2747377.984375,4164.02313232422,0.6958605003
1424,3,633277382,False,0.731640875339508,3270,4230,6270,0.000734841692570462,0.000367994259166388,0.250518681426194,680.767906525744,0.000567743528591728,114046440,731,327618217616.0,1259432976.0,315511488.492188,463464.104972839,1.5428053956
1425,1,633276492,False,0.333113074302673,6780,5220,3060,0.000351583426489716,0.000374155757484207,0.289157135959697,772.825568431621,0.000271635669515991,114046440,536,185615060992.0,592649984.0,171368972.0,221743.403686523,0.7259962304
1426,1,633276187,False,0.0283709652721882,7030,3100,710,7.51858889581834e-07,3.69342365047487e-06,0.000275249505648389,74.5242156982422,5.8089112701416e-07,114046440,959,23646300160.0,128389504.0,35339.1484375,474.196838378906,0.1572771424
1427,2,633275536,False,0.696418642997742,11720,5240,6540,0.0532906166552347,0.0879915207624435,72.9395370483398,828.938232421875,0.0411726812,114046440,651,141841367040.0,381972608.0,27860905984.0,33610352.0,0.4679164448
1428,2,633275610,False,0.742097318172455,10350,3900,6580,0.0208444783653296,0.0103629245845468,4.37154932702979,421.845135643332,0.016104581188623,114046440,752,42303355840.0,1268618408.0,5545827947.75,13146596.8886719,1.5540575498
1429,2,633275256,False,0.0,0,0,0,0.0,0.0,0.0,0.0,0.0,114046440,251,84116889600.0,212493600.0,0.0,0.0,0.26030466
1430,1,633276733,False,0.100770644843578,5180,5160,1720,6.26175692341252e-06,1.09204938780749e-05,0.00532862916588783,487.947631835938,4.83787461547851e-06,114046440,163,86407684096.0,361639808.0,1927044.5,3949.28540039062,0.4430087648
1431,1,633276254,False,0.101801343262196,6180,2730,2490,3.63139695024667e-06,6.32399132882711e-06,0.00374433794058859,592.084655761719,2.80564118652344e-06,114046440,889,118606798848.0,362163584.0,1356062.875,2290.3193359375,0.4436503904
1432,2,633275639,False,0.357310950756073,13050,5230,7580,0.000124127964257391,0.000107273204775993,0.0196162685751915,182.862716674805,9.59020822265625e-05,114046440,794,3054862080.0,729794688.0,14315849.0,78287.4140625,0.8939984928
1433,2,633275130,False,0.461153596639633,3570,3060,6760,0.00399511850812954,0.0120381433516741,6.84757661819458,568.823303222656,0.00308665485625,114046440,84,60518146048.0,209311200.0,1433274496.0,2519718.25,0.25640622
1434,2,633275773,False,0.53723531961441,3520,5430,7360,0.00253280366661644,0.00195070670451969,1.28140485286713,656.892639160156,0.001956860784375,114046440,952,193627226112.0,818901888.0,1049344896.0,1597437.375,1.0031548128
1435,1,633276774,False,0.151188239455223,4580,5160,1660,6.21717151622556e-05,3.5790716373301e-05,0.0113326765446507,316.637320875327,4.80342763641357e-05,114046440,111,277494203904.0,1095581708.0,12415873.125,39211.6541748047,1.3420875923
1436,2,633275719,False,0.606822669506073,7530,4600,10190,0.000256915206900724,0.000210298162955841,0.166686229540591,792.618571640078,0.000198494379931641,114046440,895,209906386432.0,770507104.0,128432924.0,162036.228515625,0.9438712024
1437,1,633276482,False,0.0309793837368488,12320,6990,3620,5.3956709951564e-06,5.17343723913655e-05,0.00225897342897952,43.6648483276367,4.16873092651367e-06,114046440,553,231454336.0,65779200.0,148593.46875,3403.04565429688,0.08057952
1438,2,633275514,False,0.737819910049438,6410,5610,6050,0.0412620853422832,0.0738899905875319,56.5454362190282,765.265170145651,0.0318793587328125,114046440,157,87923149824.0,352198804.0,19915235008.0,26023966.3125,0.4314435349
1439,3,633277274,False,0.693920195102692,5480,6630,6830,0.0628376547121309,0.059512466908071,44.0879940537961,740.819467657068,0.04854878564375,114046440,596,187869536256.0,665938816.0,29359906560.0,39631661.75,0.8157750496
1440,3,633277201,False,0.676593780517578,8340,4170,7880,0.00747046627735197,0.00748042497784427,4.52699084049842,605.178295873107,0.00577173141835937,114046440,475,145302370304.0,629859600.0,2851368640.0,4711617.484375,0.77157801
1441,2,633275830,False,0.676593780517578,8340,4170,7880,0.0116869209896141,0.0115175047906291,7.08723982317775,615.345072740417,0.0090293920828125,114046440,1008,159383292928.0,639976492.0,4535666880.0,7370932.3125,0.7839712027
1442,3,633276986,False,0.0519381389021873,9620,3010,9590,3.97554351175703e-06,1.54551103444014e-05,0.0104212443654856,674.291165398288,3.07153108520508e-06,114046440,312782648,52462243840.0,162235808.0,1690699.0,2507.37231445312,0.1987388648
1443,2,633275628,False,0.999210894107819,6100,1910,6910,0.0763082154948696,0.0137119589485522,10.2777065002393,749.543266487423,0.0589562295710937,114046440,776,512061862208.0,3509894868.0,36073669300.0,48127534.34375,4.2996212133
1444,2,633275633,True,0.782525777816772,6780,5230,7310,0.000293655637588379,0.512169301509857,2061.7724609375,4025.568359375,0.000226880278515625,114046440,784,900657920.0,361615.5625,745569024.0,185208.390625,0.0004429790640625
1445,1,633276695,False,0.367560863494873,8360,3130,3890,0.00138319303752268,0.00161459343507886,0.899550557136536,557.137512207031,0.0010686640453125,114046440,218,130928680960.0,540308672.0,486034976.0,872378.8125,0.6618781232
1446,2,633275547,False,0.223477527499199,5110,6920,8540,0.000192361691952159,0.000298161379760131,0.0480156019330025,161.038970947266,0.000148619909375,114046440,665,23158810624.0,406901696.0,19537630.0,121322.375,0.4984545776
1447,1,633276648,False,0.0,0,0,0,0.0,0.0,0.0,0.0,0.0,114046440,281,13164241920.0,61217100.0,0.0,0.0,0.0749909475
1448,3,633276849,False,0.663161039352417,10640,5570,7460,0.00169200859729286,0.00107200644192764,0.602066977080265,561.626267840009,0.00130725697949219,114046440,7,198452387840.0,995468416.0,599338660.0,1067148.5546875,1.2194488096
1449,1,633276374,False,0.493632674217224,11750,5040,4910,0.000689249440829895,0.000301178626994485,0.187497622907238,622.546243663803,0.000532518654797363,114046440,701,298043331584.0,1443359744.0,270626521.0,434709.105957031,1.7681156864
1450,1,633276749,False,0.0922874361276627,11780,6670,4290,2.87448598500768e-06,0.000184129210538231,0.142981752753258,776.529479980469,2.22084679260254e-06,114046440,143,1446939520.0,9846000.0,1407798.375,1812.93615722656,0.01206135
1451,2,633275570,False,0.719732999801636,6700,6600,6430,0.0397516977664823,0.101399108767509,87.1313781738281,859.291381835938,0.03071242335,114046440,693,101038915584.0,247254304.0,21543608320.0,25071366.0,0.3028865224
1452,1,633276654,False,0.493921846151352,4710,6220,5670,0.00287893555866709,0.0222700871527195,15.6367483139038,702.141357421875,0.0022242845625,114046440,272,15644903424.0,81532800.0,1274907904.0,1815742.5,0.09987768
1453,1,633276686,False,0.604683697223663,12100,7020,5680,0.000383583577571792,0.0080705713480711,2.32158470153809,287.660522460938,0.000296359196875,114046440,230,1244949760.0,29976300.0,69592520.0,241925.875,0.0367209675
1454,3,633277679,False,0.970981121063232,6190,4550,7240,0.0101516301757121,0.06430236983996,116.768887590815,1815.93443416529,0.00784321629432373,114046440,1092,36503195648.0,99570600.0,11626748198.75,6402625.54638672,0.121973985
1455,1,633276784,False,0.0693359822034836,11670,5220,3330,8.35784583944206e-06,1.91343478945782e-05,0.00406541116535664,212.466659545898,6.45732670898437e-06,114046440,96,67378933760.0,275488192.0,1119972.75,5271.287109375,0.3374730352
1456,1,633275943,False,0.189909115433693,6950,5400,3110,1.21575200217948e-05,0.000485066586406901,0.286089926958084,589.795104980469,9.39297999267578e-06,114046440,484682528,3899013632.0,15807600.0,4522395.0,7667.73876953125,0.01936431
1457,1,633276433,False,0.0849786624312401,5800,7000,3640,2.3827877015354e-06,1.04532530389653e-05,0.00413917741007638,395.970268264558,1.84095746231079e-06,114046440,619,40431107072.0,143766004.0,595072.99609375,1502.82241821289,0.1761133549
1458,2,633275742,False,0.590305030345917,6570,700,8250,0.00861321024714751,0.0095631565929968,7.09738686312958,742.15943178501,0.00665462293125,114046440,182305689,213450546432.0,568049388.0,4031666264.0,5432345.25,0.6958605003
1459,2,633275694,False,1.0,7280,3050,6020,0.968145816464209,0.107293346468077,197.016723274808,1836.24362330265,0.747995830378125,114046440,856,2944174531348.0,5691022428.0,1121226590848.0,610608841.125,6.9715024743
1460,2,633275419,False,1.0,7280,3050,6020,0.0115871732692568,0.0507457070052624,140.450439453125,2767.73046875,0.0089523263375,114046440,483,51629748224.0,144012608.0,20226633728.0,7308021.5,0.1764154448
1461,1,633276402,False,0.086803562939167,7540,6720,3160,7.653858330409e-06,8.28145130071789e-06,0.00511023635044694,617.070129394531,5.91342132568359e-06,114046440,663,139036229632.0,582902976.0,2978772.0,4827.28271484375,0.7140561456
1462,2,633275285,False,0.648078382015228,7380,5620,9170,0.0125762015171778,0.00927558326570361,7.7878409514961,839.606602453948,0.009716456071875,114046440,295,266232803328.0,855126912.0,6659592384.0,7931800.875,1.0475304672
1463,3,633276866,False,0.65017557144165,7800,3920,8160,0.00392867510482241,0.0402385989365114,31.8196461723343,790.77420718697,0.00303532024550781,114046440,27,13263384576.0,61578000.0,1959390172.0,2477812.4453125,0.07543305
1464,2,633275507,False,0.464709907770157,7430,2050,5790,0.00129034746844427,0.0017756456375373,0.724570579854479,408.060349732512,0.000996930947509766,114046440,618,48684922112.0,458324096.0,332088156.0,813821.181640625,0.5614470176
1465,2,633275128,False,0.444270044565201,4490,4890,6590,0.000640666291385261,0.000242600726778619,0.162756085395813,670.880432128906,0.00049498299375,114046440,81,44742794240.0,1665566976.0,271081152.0,404067.75,2.0403195456
1466,1,633276454,False,0.562177062034607,4900,6710,4770,0.00584480439009299,0.011071028187871,7.10117816925049,641.419921875,0.00451573434375,114046440,596,76576931840.0,332969408.0,2364475136.0,3686313.75,0.4078875248
1467,3,633277099,False,0.434814125299454,7940,6090,8970,0.00104202490962735,0.0010173608951643,0.661473431491852,650.185626984443,0.000805075304046631,114046440,334,183074390016.0,645989376.0,427304809.25,657204.329833984,0.7913369856
1468,1,633276380,False,0.0607726015150547,3390,5010,2980,5.45395010639571e-06,1.28486217363388e-05,0.00845927000045776,658.379577636719,4.21375775146484e-06,114046440,694,70327230464.0,267717600.0,2264695.5,3439.80224609375,0.32795406
1469,1,633276170,False,0.3607277572155,10500,3640,4920,0.000503101269486641,0.000527921481989324,0.290540099143982,550.34716796875,0.00038869935234375,114046440,976,201869918208.0,601046976.0,174628240.0,317305.59375,0.7362825456
1470,2,633275766,False,0.755929291248322,5780,2140,7860,0.0185304485218143,0.0275701023638248,18.5854740142822,674.116943359375,0.0143167465,114046440,945,145192976384.0,423906304.0,7878499328.0,11687140.0,0.5192852224
1471,1,633276489,False,0.112760365009308,7560,4040,1300,1.1480027143953e-05,5.18646487223939e-06,0.00339249027077134,654.104549889017,8.86954453582764e-06,114046440,541,368689872896.0,1396026908.0,4736007.703125,7240.44451904297,1.7101329623
1472,3,633276976,False,1.0,7300,3070,5140,0.201835860491705,0.410311948115737,1443.58254863183,3518.25618352366,0.15593971435,114046440,186,553509928960.0,310246208.0,447866011648.0,127297726.0,0.3800516048
1473,3,633277673,True,0.0121374363079667,6200,880,6970,1.27136904067495e-07,0.986193422698546,4164.5532130631,4222.85640647199,9.82268089294433e-08,114046440,1086,340507.9375,81.307731628418,338610.375,80.1851501464844,9.9601971244812e-08
1474,2,633275467,False,1.0,6560,5810,7480,1.88216803562683,0.00973260438405056,8.64917563833169,888.680490548413,1.45417541322599,114046440,567,38747711212068.3,121969610922.0,1054936587403.36,1187081969.9804,149.41277337945
1475,2,633275975,False,0.745334386825562,8530,3160,6580,0.353463641682522,0.0876433662031745,96.0628990626974,1096.06583161131,0.27308833615,114046440,294,1290555772928.0,2543595296.0,244345138176.0,222929254.0,3.1159042376
1476,1,633276002,False,0.378743857145309,10140,5380,4590,0.000519727904505513,0.00226631900295615,1.21463656425476,535.951293945312,0.0004015452,114046440,549009215,27545718784.0,144636304.0,175680544.0,327792.0,0.1771794724
1477,1,633276484,False,1.0,7300,3070,5140,0.317874891623051,0.0219740681350231,23.1165676116943,1051.99304199219,0.2455922336,114046440,549,2461841273472.0,9123638272.0,210907201536.0,200483456.0,11.1764568832
1478,1,633276098,False,0.414731085300446,8350,3690,3170,0.000559171525958684,0.00452775461599231,2.77296924591064,612.438049316406,0.0004320196015625,114046440,1072,20296843264.0,77890496.0,215987952.0,352669.0625,0.0954158576
1479,2,633275958,False,0.780824780464172,7210,930,6330,0.003724656039145,0.000496999906946404,0.312208571343575,628.186377864338,0.00287769377246094,114046440,254,1522452170545.44,4726636244.0,1475696349.0,2349137.7734375,5.7901293989
1480,3,633276932,False,0.467344611883163,6610,6040,7550,0.00271730444071658,0.00273074407675521,1.11390152123534,407.911356731361,0.002099407296875,114046440,125,14921287680.0,627595200.0,699079248.0,1713801.875,0.76880412
1481,2,633275706,False,0.526588380336761,9340,3780,7790,0.000637241075250624,0.0199519190937281,15.9672517776489,800.286499023438,0.00049233664921875,114046440,874,3511677440.0,20143800.0,321641120.0,401907.46875,0.024676155
1482,3,633277148,False,0.56515771150589,5990,6710,7160,0.00536707912189267,0.0801159909789971,80.184249894678,1000.85200114043,0.00414664065703125,114046440,390,13699709184.0,42251400.0,3387896816.0,3385012.78125,0.051757965
1483,1,633276232,False,0.211840212345123,11670,5340,3320,6.51225974730975e-05,0.000197697168914601,0.0493968725204468,249.861312866211,5.03141474609375e-05,114046440,153,13302844416.0,207756000.0,10262497.0,41072.7734375,0.2545011
1484,3,633277721,False,0.729268014431,7780,4000,8070,0.00239194733641057,0.0744987354600695,103.148985790123,1384.5736461582,0.00184803425650635,114046440,563807439,7470195840.0,20250000.0,2088766962.25,1508599.39306641,0.02480625
1485,3,633277611,False,0.235835775732994,11750,3130,4150,1.55476227548147e-05,1.91280269928586e-06,0.00132620679716723,693.331726090916,1.20121956787109e-05,114046440,1007,1876948287488.0,5126443008.0,6798723.5625,9805.8740234375,6.2798926848
1486,2,633275201,False,0.782836318016052,6130,5050,6190,0.05217715727013,0.172493010759354,209.390197753906,1213.90539550781,0.04031241515,114046440,181,123167858688.0,190779296.0,39947313152.0,32908094.0,0.2337046376
1487,3,633277715,False,0.584219574928284,6310,6720,7820,0.000939106771941336,0.0112696824268786,9.22852189267149,818.880385720646,0.0007255600734375,114046440,1139,16726922240.0,52556400.0,485017888.0,592293.9375,0.06438159
1488,2,633275187,False,0.553406536579132,3210,5050,6260,0.00664328916607476,0.00191162643022835,1.24316549301147,650.318237304688,0.0051326489375,114046440,159,550785253376.0,2191807744.0,2724779776.0,4189917.5,2.6849644864
1489,3,633277319,False,0.696418642997742,11720,5240,6540,0.0669433758567939,0.0552672313612603,42.9893440735939,777.845081339235,0.051720892825,114046440,651,234336428032.0,763945216.0,32841503744.0,42221137.0,0.9358328896
1490,1,633276534,False,0.0,0,0,0,0.0,0.0,0.0,0.0,0.0,114046440,451,58995232768.0,188746208.0,0.0,0.0,0.2312141048
1491,2,633275305,False,0.999956846237183,6180,1010,6960,0.237849549325984,0.0137551050393536,14.1212221230638,1026.6168148235,0.18376412739447,114046440,322,4369876852859.12,10905880554.0,154004361750.636,150011532.566914,13.35970367865
1492,3,633277254,True,1.0,6100,1360,7040,0.0763916175478562,0.822160313076964,3377.04388007437,4107.52480551593,0.0590206665462044,114046440,567,209509992193.094,58601875.071991,197901103572.75,48180135.9560852,0.0717872969631889
1493,3,633277610,False,0.637995004653931,6180,470,7120,0.0105244215906519,0.0358649679726167,28.6227650249087,798.070279799567,0.0081312373953125,114046440,1006,53595394048.0,185076000.0,5297386859.75,6637744.8125,0.2267181
1494,2,633275459,False,0.210177198052406,3580,3990,5850,2.34217250678572e-05,0.000232886930461973,0.105159588158131,451.547821044922,1.80957789550781e-05,114046440,556,14986381312.0,63430200.0,6670293.5,14772.064453125,0.077701995
1495,2,633275146,False,0.294847369194031,7420,2590,5830,5.69770624881581e-05,5.52244418940973e-05,0.085366815328598,1545.81579589844,4.4020853515625e-05,114046440,108,22710181888.0,650715328.0,55549496.0,35935.390625,0.7971262768
1496,2,633275410,False,1.0,6530,5580,6220,0.346193857908794,0.127389354331681,207.709727390634,1630.51087337977,0.267471653354883,114046440,467,1023142341632.0,1713991000.0,356012603360.0,218344206.820312,2.099638975
1497,2,633275817,False,0.182218626141548,3720,4690,9190,5.24426731832744e-05,0.000159943141625263,0.081171840429306,507.504364013672,4.05175544921875e-05,114046440,996,55037349888.0,206795696.0,16785988.0,33075.5546875,0.2533247276
1498,3,633277441,False,0.523081600666046,9360,4510,5800,0.00330415784116203,0.0499887227739397,15.9004099021301,318.079939230201,0.002552814096875,114046440,812,3278906880.0,41688000.0,662856288.0,2083929.875,0.0510678
1499,3,633277546,False,0.994658768177032,6220,1810,6850,0.035166169685933,0.0195275802051865,15.1502336117091,775.837735782808,0.027169614171875,114046440,940,181864911872.0,1135792384.0,17207519952.0,22179276.875,1.3913456704
1500,1,633276354,False,0.210100635886192,6520,3980,4060,1.57166764998041e-05,1.3393509107118e-05,0.00858161877840757,640.729675292969,1.21428077148437e-05,114046440,733,179066191872.0,740097024.0,6351230.5,9912.49609375,0.9066188544
1501,3,633277495,False,0.780824780464172,7210,930,6330,0.000658223126225691,0.000121405825834404,0.0913833915202063,752.710101777586,0.000508547519911194,114046440,879,1048115509937.12,3419447376.0,312480698.34375,415140.832580566,4.1888230356
1502,2,633275753,False,0.255256444215775,6110,1410,8330,0.000227228795760408,0.00169463851489127,1.35617649555206,800.274780273438,0.00017555846328125,114046440,182305701,37141147648.0,84568496.0,114689808.0,143313.03125,0.1035964076
1503,3,633277503,False,0.224609375,5690,4320,9410,0.000245750797308497,0.000827820632273047,0.38674118368402,467.179928364552,0.00018986868359375,114046440,893,36986159104.0,187232400.0,72410480.0,154994.84375,0.22935969
1504,1,633276730,False,0.623307704925537,9710,4010,5310,0.00105195750849742,0.0912022218108177,60.4058494567871,662.328674316406,0.0008127492953125,114046440,606826663,1746070400.0,7274700.0,439434432.0,663468.8125,0.0089115075
1505,3,633277015,False,0.503990232944489,7990,3780,10560,2.59089771230672e-05,5.80414629638008e-05,0.0437691364384157,754.101192551153,2.00174462646484e-05,114046440,234,91483852800.0,281536192.0,12322596.0,16340.7724609375,0.3448818352
1506,2,633275291,False,0.343006193637848,2110,2770,6040,0.000369697601032794,0.00123186875134706,0.616417109966278,500.391845703125,0.0002856308,114046440,304,53997264896.0,189279904.0,116675368.0,233168.0,0.2318678824
1507,2,633275488,False,0.693920195102692,5480,6630,6830,0.0569928503220379,0.107953906059265,81.0748062133789,751.013244628906,0.0440330513,114046440,596,111292604416.0,332969408.0,26995431424.0,35945348.0,0.4078875248
1508,2,633275641,True,1.0,6510,5350,6610,0.201454712108083,0.940958023071289,4559.63916015625,4845.7412109375,0.1556452366,114046440,797,626728239104.0,135029760.0,615686995968.0,127057336.0,0.165411456
1509,2,633275716,False,0.377448797225952,5980,2470,8450,0.000435487971714683,0.000758391921408474,0.454963773488998,599.905883789062,0.0003364608734375,114046440,889,119741661184.0,362163584.0,164771312.0,274661.9375,0.4436503904
1510,2,633275670,False,0.999979794025421,6940,5800,6280,0.0417683927258525,0.157133489847183,240.791931152344,1532.40356445312,0.03227053515,114046440,830,111386472960.0,167649136.0,40368558080.0,26343294.0,0.2053701916
1511,3,633276998,False,0.72434002161026,8260,4600,6710,0.0681544895516513,0.0606285326058257,47.3685959660981,781.292139693754,0.0526566072375,114046440,214,175837757440.0,708989376.0,33583831296.0,42984985.5,0.8685119856
1512,3,633277142,False,0.626204550266266,9800,6140,5730,0.00892895929432368,0.0279919512715824,12.6372149850086,451.458880533205,0.0068985727234375,114046440,379,24039510144.0,201182400.0,2542385240.0,5631487.9375,0.24644844
1513,3,633277173,False,0.535593211650848,7820,350,6670,9.83680203178349e-05,7.08869776633427e-05,0.0695902383518398,981.706945982922,7.59997799804687e-05,114046440,434,275078545408.0,875204992.0,60905724.0,62040.63671875,1.0721261152
1514,3,633277640,False,0.619070887565613,9140,4490,6160,0.0180207594749605,0.025077709775243,10.5054900860159,418.917444223198,0.0139229573875,114046440,1043,38173491200.0,453218400.0,4761281408.0,11365679.5,0.55519254
1515,1,633276658,False,0.025680173188448,5840,7000,3640,1.51352706074274e-07,1.41814496146253e-06,0.000589834293350577,415.919616699219,1.16936096954346e-07,114046440,268,20464408576.0,67311904.0,39702.87109375,95.4580383300781,0.0824570824
1516,2,633275612,False,0.60232013463974,4590,6860,6500,0.00641236967503132,0.00235042348504066,1.53573679924011,653.387268066406,0.00495423901875,114046440,754,406450307072.0,1720658688.0,2642478848.0,4044276.75,2.1078068928
1517,2,633275816,False,0.787251114845276,2890,2570,7250,0.147701334478229,0.015803568031191,10.6592427310276,674.483300859005,0.114115023225,114046440,993,2012668901888.0,5894562596.0,62831573504.0,93155121.0,7.2208391801
1518,1,633276350,False,0.0585047118365765,9690,2800,2520,1.67828066241585e-06,3.77808942175761e-06,0.0020025426056236,530.041076660156,1.29665068664551e-06,114046440,743,72745689088.0,280165504.0,561043.375,1058.49035644531,0.3432027424
1519,3,633277276,False,0.20507150888443,7410,3620,9720,4.65059589012242e-05,0.000707715609542768,0.339113668717578,479.166580678739,3.59308099609375e-05,114046440,598,8599299840.0,41445000.0,14054566.0,29331.2734375,0.050770125
1520,2,633275418,False,0.271382868289948,9730,2910,7940,0.000380468780784801,0.00216329353861511,1.00343704223633,463.846954345703,0.000293952684375,114046440,482,14510050304.0,110924096.0,111305352.0,239961.375,0.1358820176
1521,1,633276486,False,0.0785213336348534,6500,5390,2650,2.68917075960218e-06,1.21848497656174e-05,0.0122532602399588,1005.61437988281,2.07767102966309e-06,114046440,544,46297395200.0,139194000.0,1705580.25,1696.05798339844,0.17051265
1522,1,633276501,False,0.49432635307312,5460,6690,4840,0.00474803124646771,0.0119788702577353,8.27473640441895,690.777709960938,0.00366836019375,114046440,523,73990782976.0,249988496.0,2068588928.0,2994579.75,0.3062359076
1523,2,633275463,False,0.68833464384079,4660,4560,5780,0.0154453822283609,0.0521416291594505,32.2653579711914,618.80224609375,0.011933203975,114046440,564,47937417216.0,186825600.0,6027994624.0,9741391.0,0.22886136
1524,3,633277544,False,0.603571236133575,11470,6570,7160,0.00170755456792555,0.056422806211427,34.855267089987,617.751392218559,0.00131926789873047,114046440,939,4210263296.0,19087200.0,665289454.0,1076953.38671875,0.02338182
1525,3,633277270,False,0.253440827131271,7030,1220,6340,0.000138463094273822,0.000147077964555942,0.0920449289736533,625.824060399227,0.000106977498034668,114046440,590,206237712384.0,593756992.0,54652320.15625,87328.5698242188,0.7273523152
1526,2,633275915,False,0.21805140376091,6000,4600,10320,2.29724903004411e-05,5.96451791352592e-05,0.0426875203847885,715.691040039062,1.77486972167969e-05,114046440,1106,78811750400.0,242915392.0,10369456.0,14488.732421875,0.2975713552
1527,3,633277585,False,0.976900160312653,7570,5940,6290,0.0220702616690634,0.116983061459463,156.716061888074,1339.64746633323,0.0170516294375,114046440,980,61739493376.0,118989000.0,18647487488.0,13919697.5,0.145761525
1528,1,633275506,False,0.0332634001970291,8140,3790,3190,1.61862182307267e-07,5.41206418347429e-07,0.000290395080810413,536.569946289062,1.25055787467957e-07,114046440,496345668,52988723200.0,188627392.0,54776.46875,102.086357116699,0.2310685552
1529,2,633275519,False,0.442452639341354,3120,4330,7590,0.00034849799106387,0.000404703867388889,0.296572297811508,732.813110351562,0.000269251841796875,114046440,630,196526440448.0,543106816.0,161070432.0,219797.421875,0.6653058496
1530,1,633276159,False,0.0,0,0,0,0.0,0.0,0.0,0.0,0.0,114046440,988,67296235520.0,238410896.0,0.0,0.0,0.2920533476
1531,1,633276248,False,0.55343621969223,10630,4050,4880,0.00897766723627896,0.0232400689274073,14.4021072387695,619.710205078125,0.0069362048,114046440,898,59523764224.0,243639904.0,3508928000.0,5662208.0,0.2984588824
1532,1,633276628,False,0.911179661750793,7510,3010,5410,0.623681603380426,0.0237918253988028,17.5712661743164,738.542114257812,0.481860512,114046440,313,4873306324992.0,16533221376.0,290509619200.0,393355520.0,20.2531961856
1533,3,633277760,False,0.612301647663116,8830,1580,5350,0.0265883851332911,0.008640354600068,7.43932444883303,860.997585535955,0.0205423613653809,114046440,302,649660715008.0,1940808608.0,14438304928.0,16769274.5839844,2.3774905448
1534,1,633276092,False,0.11489449441433,3810,3510,4940,2.9287284679583e-06,0.000379088538466021,0.173912510275841,458.764892578125,2.26275489196777e-06,114046440,1081,852198528.0,4872600.0,847406.125,1847.14685058594,0.005968935
1535,1,633276668,False,0.0,0,0,0,0.0,0.0,0.0,0.0,0.0,114046440,251,69467766784.0,212493600.0,0.0,0.0,0.26030466
1536,3,633277550,False,0.12321725487709,12670,2590,6170,3.77511105921706e-06,2.51140676497565e-06,0.00216395330680635,861.649867709636,2.91667565307617e-06,114046440,944,385272070144.0,948058176.0,2051553.625,2380.95971679688,1.1613712656
1537,3,633277471,False,0.0,0,0,0,0.0,0.0,0.0,0.0,0.0,114046440,846,88845082624.0,301485600.0,0.0,0.0,0.36931986
1538,1,633276747,False,0.503418684005737,9180,4730,4810,0.00792225849885241,0.00469878083094954,2.28039693832397,485.316741943359,0.0061207890625,114046440,146,148900954112.0,1063374272.0,2424915456.0,4996562.5,1.3026334832
1539,1,633276394,False,0.28780922293663,8180,5610,5080,0.000198599993618773,0.00876909401267767,3.660649061203,417.448913574219,0.000153439662304687,114046440,673,1018456960.0,14283900.0,52288344.0,125256.8671875,0.0174977775
1540,2,633275951,False,0.700686991214752,2400,2800,6570,0.000611427563534975,0.00230620452202857,1.65815842151642,718.998901367188,0.00047239296015625,114046440,526157192,55097147392.0,167212800.0,277265312.0,385626.90625,0.20483568
1541,1,633276051,False,0.587224841117859,7600,2990,5600,0.000191457561537763,0.0185341965407133,10.2613849639893,553.646057128906,0.000147921372265625,114046440,599626923,784359872.0,6515100.0,66853948.0,120752.140625,0.0079809975
1542,1,633276245,False,0.0,0,0,0,0.0,0.0,0.0,0.0,0.0,114046440,902,36665094144.0,109265400.0,0.0,0.0,0.133850115
1543,3,633276949,False,0.899682700634003,8970,5090,6690,0.137706677766903,0.0408376903536745,27.6820809446855,677.856183955191,0.1063930856625,114046440,146,416941768704.0,2126748544.0,58872825344.0,86851498.5,2.6052669664
1544,3,633277737,False,0.107587791979313,6130,2870,8880,5.20854493861026e-05,0.000682044288027049,0.292694749649118,429.143319264204,4.02415610351562e-05,114046440,929,7901588736.0,48164400.0,14097467.0,32850.25390625,0.05900139
1545,2,633275966,False,0.48821285367012,5220,4800,6370,0.00623411633184996,0.0143888872116804,8.2984037399292,576.723083496094,0.0048165193125,114046440,266,64737439744.0,273256192.0,2267590144.0,3931852.5,0.3347388352
1546,3,633276893,False,0.615234911441803,8220,4430,8050,0.00154119631205647,0.0603911230010065,54.1011178210194,895.845533790086,0.00119073841523437,114046440,66,4095517824.0,16095600.0,870789952.0,972031.359375,0.01971711
1547,3,633277014,False,0.0574562400579453,8100,1740,9100,4.12155696595516e-06,1.42321055975936e-05,0.010848240647925,762.237222984015,3.18434204101562e-06,114046440,233,71042031616.0,182647808.0,1981407.375,2599.462890625,0.2237435648
1548,2,633275794,False,0.54508364200592,5170,2370,8780,8.86313570158711e-05,0.000102065285318531,0.225519955158234,2209.56567382812,6.84771698242187e-05,114046440,974,243256623104.0,547686016.0,123514128.0,55899.73046875,0.6709153696
1549,1,633275265,False,0.0,0,0,0,0.0,0.0,0.0,0.0,0.0,114046440,312782582,17078774784.0,52763400.0,0.0,0.0,0.064635165
1550,2,633275144,False,0.530027687549591,10460,6860,6670,0.000514561416681432,0.00369433290325105,1.41798877716064,383.828094482422,0.0003975535375,114046440,105,9302328320.0,87846304.0,124565072.0,324533.5,0.1076117224
1551,2,633275697,False,0.296876072883606,6830,3300,9450,0.00154208869955221,0.00104253063909709,0.720741510391235,691.338439941406,0.0011914278796875,114046440,862,288394608640.0,932916608.0,672391744.0,972594.1875,1.1428228448
1552,3,633277325,False,0.746926069259644,9820,3530,7550,0.00515141405379732,0.00432268113530594,1.76942640247078,409.335397889705,0.00398001640585937,114046440,658,73867927552.0,751615232.0,1329927836.0,3248992.984375,0.9207286592
1553,2,633276525,False,0.457914978265762,8210,6380,5790,8.69161414755804e-05,0.00321605312637985,2.58074879646301,802.458374023438,6.71519830078125e-05,114046440,606826655,2770089728.0,17045100.0,43989120.0,54817.9453125,0.0208802475
1554,3,633277242,False,0.0,0,0,0,0.0,0.0,0.0,0.0,0.0,114046440,545,670129.125,1800.0,0.0,0.0,2.205e-06
1555,3,633277435,False,0.691887676715851,7690,5150,6770,0.032889133724433,0.0957084962499044,134.349781349007,1403.7393399036,0.0254103612,114046440,804,103565754368.0,216732608.0,29117978496.0,20743152.0,0.2654974448
1556,1,633276318,False,0.6056307554245,7980,4850,4230,0.0155541932027059,0.0121128698810935,8.18144702911377,675.434265136719,0.01201727205,114046440,797,201724477440.0,809883904.0,6626022400.0,9810018.0,0.9921077824
1557,3,633277777,False,0.585889339447021,7710,6000,6150,0.00458061280199783,0.0236403983328096,24.5850704059388,1039.96007426906,0.0035390116015625,114046440,606826651,35535177728.0,122205600.0,3004433280.0,2888989.0625,0.14970186
1558,2,633275208,True,1.0,6790,5560,6940,0.395323279165564,0.859234094619751,3313.6044921875,3856.46313476562,0.3054293676,114046440,194,1015333715968.0,290177152.0,961532329984.0,249330096.0,0.3554670112
1559,1,633276218,False,0.574465751647949,8190,5020,4900,0.00480865483203644,0.00979611304250262,3.5309248399722,360.441414329592,0.003715198375,114046440,932,19837892776.0,309593712.0,1093152128.0,3032815.0,0.3792522972
1560,1,633276329,False,0.011467581614852,9330,1870,2640,4.53861419448224e-08,4.09683842406139e-08,3.2087104045786e-05,783.216186523438,3.50656320095062e-08,114046440,778,272229072896.0,698709632.0,22419.568359375,28.6250057220459,0.8559192992
1561,1,633276268,False,0.350241661071777,9580,6160,4020,0.000149110094673916,0.000735415029339492,0.176698312163353,240.27018737793,0.000115203440625,114046440,866,2705230336.0,127878304.0,22595880.0,94043.625,0.1566509224
1562,3,633277069,False,0.478513240814209,5550,4450,6900,0.00395884395420426,0.0081341524562859,4.11745055994704,506.192941683207,0.00305862889711914,114046440,301,37099558656.0,306957600.0,1263882742.0,2496839.91601562,0.37602306
1563,3,633277291,False,0.658648014068604,9890,3570,6780,0.0280272165808328,0.0356181185130846,25.7578490354449,723.167031576431,0.0216540120125,114046440,616,118285778944.0,496285184.0,12783238848.0,17676744.5,0.6079493504
1564,3,633277206,False,1.0,7280,3050,6020,0.0155333944622872,0.0340140366390698,86.5652953941366,2544.98742130196,0.01200120280625,114046440,483,80336318464.0,288025216.0,24932987904.0,9796900.25,0.3528308896
1565,1,633276660,False,0.487732082605362,5000,6210,5190,0.00118926740681726,0.0180087983608246,13.6452569961548,757.699462890625,0.0009188358265625,114046440,263,13410951168.0,41650200.0,568327680.0,750070.0625,0.051021495
1566,3,633277617,False,0.829975664615631,7560,4170,8190,0.0333950672987261,0.0447020237049432,45.9652200597921,1028.25814695072,0.0258012488096802,114046440,1014,134232829568.0,471169808.0,21657423910.25,21062243.9262695,0.5771830148
1567,1,633276723,False,0.0593318939208984,4670,4800,1580,4.67420613982163e-06,1.62985052156728e-05,0.00408386904746294,250.567092895508,3.61132243041992e-06,114046440,180,51026665472.0,180876608.0,738676.375,2948.01831054688,0.2215738448
1568,2,633275693,True,1.0,6400,5300,6890,0.0106205486722075,0.540705276132303,1808.16809480108,3344.09182713181,0.00820550581125488,114046440,856,28010124524.0,12388212.9257812,22399971364.0,6698372.09082031,0.015175560834082
1569,3,633277360,False,0.0554657578468323,3770,4060,7690,1.44162926449235e-06,0.000330150507287695,0.150894744008715,457.048348186314,1.11381225891113e-06,114046440,699,608908064.0,2754000.0,415564.125,909.234497070312,0.00337365
1570,2,633275661,False,0.356419652700424,10150,2570,6710,0.00103101388920042,0.00109156919643283,1.03041768074036,943.978332519531,0.0007965681171875,114046440,820,246314762240.0,595710912.0,613831040.0,650259.6875,0.7297458672
1571,2,633275971,False,0.746667683124542,6530,5940,8440,0.11731498665427,0.0406221722256926,35.6278025432538,877.053111421749,0.0906383308856689,114046440,278,562391120256.0,1821430764.0,64893575606.0,73990474.1923828,2.2312526859
1572,2,633275388,False,0.881748497486115,6710,6310,6730,0.0120464270255045,0.0634728744626045,61.18017578125,963.879150390625,0.0093071488125,114046440,436,28901528576.0,119699520.0,7323237888.0,7597672.5,0.146631912
1573,2,633275598,False,0.731640875339508,3270,4230,6270,0.000701241959218795,0.000702336347782452,0.482949040235389,687.63213204079,0.000541784153442383,114046440,731,156601940608.0,629716488.0,304120973.5,442272.778320312,0.7714026978
1574,2,633275973,True,1.0,6530,5900,6570,0.658640319916971,0.877295501016384,3601.01138014817,4104.67325544956,0.508869846503149,114046440,290,1781936924572.0,473505171.117188,1705097509752.0,415403956.329102,0.580043834618555
1575,3,633277708,False,0.599749267101288,7540,6300,5880,0.001145006624596,0.0224722524167273,12.2452377129272,544.904777939054,0.000884639654882812,114046440,1126,5814980864.0,32135400.0,393505612.0,722154.8203125,0.039365865
1576,2,633275675,False,0.99984210729599,6630,5820,7540,0.213591777421054,0.0882707548709783,102.564286240736,1161.92827840489,0.16502241315,114046440,835,604730421186.531,1526124640.0,156525884416.0,134712174.0,1.869502684
1577,3,633277018,False,0.0461738854646683,7800,1080,8430,9.11973929998387e-07,4.36853394469024e-06,0.00491542952699511,1125.18972937582,7.04597061157226e-07,114046440,312782612,55880794112.0,131664600.0,647188.0625,575.181274414062,0.161289135
1578,1,633276576,False,0.0,0,0,0,0.0,0.0,0.0,0.0,0.0,114046440,380,112367784.0,10040400.0,0.0,0.0,0.01229949
1579,2,633275184,False,0.351840436458588,7310,3010,9490,0.000240015793667193,0.00182290410157293,1.38672721385956,760.724182128906,0.00018543778203125,114046440,156,30551599104.0,83042096.0,115156736.0,151377.78125,0.1017265676
1580,1,633276421,False,0.584558188915253,8050,2830,5440,0.00850232181671181,0.0411326661705971,25.3553295135498,616.428100585938,0.0065689498,114046440,634,36144099328.0,130368600.0,3305538816.0,5362408.0,0.159701535
1581,3,633276862,False,0.66178160905838,5750,6550,7420,0.0234100073072875,0.0331840396998758,27.1604359157075,818.478888084539,0.0180867257361328,114046440,23,131825524736.0,444932992.0,12084574016.0,14764674.0703125,0.5450429152
1582,2,633275412,True,0.292375892400742,7210,5690,7100,1.53771057901349e-05,0.235977023839951,694.571105957031,2943.38452148438,1.18804531494141e-05,114046440,470,59023260.0,41098.6171875,28545912.0,9698.3291015625,5.03458060546875e-05
1583,1,633276389,False,0.0,0,0,0,0.0,0.0,0.0,0.0,0.0,114046440,680,662073472.0,4333500.0,0.0,0.0,0.0053085375
1584,3,633276983,False,0.0338989719748497,9500,3060,9510,1.61072733187711e-06,3.44912479199133e-05,0.0212606757623908,616.407843861052,1.24445853881836e-06,114046440,312782652,7812343808.0,29453400.0,626199.1875,1015.88452148438,0.036080415
1585,2,633275700,False,0.999992847442627,6400,4820,6990,0.286031613350557,0.0614700256722787,86.7795057763428,1411.73693726759,0.22098990720625,114046440,864,1158780093391.0,2934762468.0,254677236544.0,180399924.25,3.5950840233
1586,3,633277006,False,0.176022797822952,8080,1660,8620,8.35891298336863e-05,0.00205404779681059,0.993616351466131,483.735749970844,6.45815119140625e-05,114046440,312782624,5707012608.0,25666200.0,25502356.0,52719.6015625,0.031441095
1587,3,633277267,False,0.448052257299423,7740,3350,8020,0.000344237838548194,0.0025167860299658,1.72851840259665,686.795930212683,0.000265960419921875,114046440,496345672,23211598848.0,86265000.0,149110640.0,217110.546875,0.105674625
1588,2,633275431,True,1.0,6250,1700,6860,0.00180915091229778,0.941215217113495,4252.24609375,4517.82568359375,0.001397761903125,114046440,510,5256130048.0,1212294.625,5154975232.0,1141030.125,0.001485060915625
1589,2,633275962,False,0.999739825725555,5880,4930,6490,0.100390365008429,0.0990948304533958,186.964508056641,1886.72314453125,0.0775622568,114046440,262,312803510272.0,638944832.0,119460003840.0,63316128.0,0.7827074192
1590,3,633277633,False,0.875073730945587,6770,5570,7350,0.0214341230408176,0.0354611855236332,28.949833903441,816.380881686748,0.0165601445460937,114046440,1031,55908736414.25,381219216.0,11036232984.0,13518485.34375,0.4669935396
1591,3,633277643,False,0.460798054933548,7260,990,7070,8.38609449555976e-05,0.000423949046604226,0.361879991663861,853.593125311805,6.47915180664062e-05,114046440,1046,40560990208.0,124758000.0,45147424.0,52891.03515625,0.15282855
1592,2,633275991,False,0.627756118774414,10000,5850,7290,0.00166740942475949,0.0330509170889854,20.312084197998,614.569458007812,0.001288251496875,114046440,549009223,6306652160.0,31818600.0,646302080.0,1051633.875,0.038977785
1593,3,633277398,False,0.60232013463974,4590,6860,6500,0.00647975551568951,0.00118756176855998,0.774953666464735,652.558617986189,0.00500630176279297,114046440,754,858506297344.0,3441317376.0,2666861518.0,4086776.94921875,4.2156137856
1594,3,633277472,False,0.547784507274628,7560,3270,1460,2.06692609599101e-05,2.02895422821137e-05,0.0204787073731964,1009.32328036052,1.59692070678711e-05,114046440,847,253250166784.0,642502784.0,13157626.5,13036.0874023438,0.7870659104
1595,2,633275129,False,0.535516142845154,12030,7060,6310,0.00276550352286334,0.00757389655336738,3.3190610408783,438.223693847656,0.002136646225,114046440,83,33339824128.0,230291104.0,764350208.0,1744201.0,0.2821066024
1596,1,633276702,False,0.323835402727127,8040,6020,4800,0.000360334184170706,0.00652119936421514,3.01333427429199,462.082824707031,0.0002783965625,114046440,210,4756637696.0,34849800.0,105014096.0,227262.5,0.042691005
1597,1,633276288,False,0.585743367671967,12250,5240,5160,0.01053231392205,0.0847423374652863,55.7777290344238,658.203857421875,0.0081373350625,114046440,839,25804365824.0,78387296.0,4372265472.0,6642722.5,0.0960244376
1598,1,633276189,False,0.276871979236603,13090,4980,5140,9.01619715213195e-06,5.7661377468321e-06,0.00391480373218656,678.929992675781,6.96597326660156e-06,114046440,957,381493018624.0,986190272.0,3860741.25,5686.5087890625,1.2080830832
1599,2,633275767,True,1.0,7070,5710,6390,0.000794819449366899,0.986793518066406,3545.009765625,3592.45336914062,0.00061408273828125,114046440,946,1811453184.0,508000.9375,1800868224.0,501292.03125,0.0006223011484375
1600,1,633276243,False,0.692442417144775,4270,5480,5570,0.0109375688825865,0.0132712249902946,8.18089912860417,616.438884472755,0.0084504377125,114046440,904,119829024768.0,519795008.0,4252390528.0,6898316.5,0.6367488848
1601,2,633275761,False,0.328107863664627,6830,1640,7880,0.00147317441521821,0.00701951188966632,4.36932039260864,622.453552246094,0.00113818425,114046440,182305709,44151062528.0,132363904.0,578340288.0,929130.0,0.1621457824
1602,2,633275996,False,0.473715335130692,6280,6350,8590,0.00207133054829062,0.0158886648714542,12.1819372177124,766.706176757812,0.001600323615625,114046440,1105,22626084864.0,82221296.0,1001614656.0,1306386.625,0.1007210876
1603,2,633275952,False,0.597943246364594,4070,2510,6360,0.00698801686270444,0.0140130063518882,8.22766399383545,587.144775390625,0.005398987825,114046440,919,96106561536.0,314517600.0,2587745024.0,4407337.0,0.38528406
1604,2,633275092,False,0.714430928230286,9310,2190,6430,0.0836912869829402,0.0981713309884071,98.7178039550781,1005.56652832031,0.0646604392,114046440,26,259475980288.0,537672576.0,53077856256.0,52784032.0,0.6586489056
1605,1,633276508,False,0.124477535486221,1660,3110,4060,2.09456368369515e-05,1.98792031369521e-06,0.000962374964728951,484.111450195312,1.61827368896484e-05,114046440,507,1558663790592.0,6645335552.0,6395304.5,13210.3974609375,8.1405360512
1606,3,633277754,False,0.746667683124542,6530,5940,8440,0.118341414263866,0.0204887945213087,17.9483105356729,876.006175815098,0.0914313556130462,114046440,278,1064684004608.0,3642861528.0,65383209943.0,74637841.3167725,4.4625053718
1607,2,633275477,False,0.596874952316284,5810,2710,5850,0.00304929647135395,0.0120099857449532,9.49807357788086,790.848022460938,0.002355906525,114046440,581,26382972928.0,160132496.0,1520950272.0,1923189.0,0.1961623076
1608,3,633277194,False,0.715299129486084,6230,2110,6820,0.00202898045537324,0.000227010371502829,0.190568693154152,839.471306498336,0.00156760365507812,114046440,463,1773444923392.0,5637083648.0,1074251664.0,1279676.453125,6.9054274688
1609,2,633275701,False,0.544618964195251,12740,7390,7090,0.00156922207568647,0.0077394456602633,2.09851551055908,271.145446777344,0.0012123913046875,114046440,866,3964164608.0,127878304.0,268354592.0,989707.1875,0.1566509224
1610,2,633276822,False,0.410567790269852,5240,6770,6020,0.00187824089447803,0.0525146797299385,24.5217723846436,466.950805664062,0.001451141278125,114046440,576073699,4309789184.0,22557600.0,553152320.0,1184605.125,0.02763306
1611,3,633277703,False,0.899682700634003,8970,5090,6690,0.226648318789568,0.0458778965598199,31.9235469997443,695.83719816185,0.175109982952734,114046440,1117,661000353664.0,3115812528.0,99467787680.0,142946924.859375,3.8168703468
1612,3,633277714,False,0.703846514225006,9980,4230,7340,0.114187358343365,0.0207834849858202,17.8269872610819,857.747739286485,0.0882219046658325,114046440,1132,717671236608.0,3465149440.0,61773174924.625,72017881.3598633,4.244808064
1613,2,633275988,False,0.689905405044556,9870,5530,7220,0.0220347399842493,0.0960844084620476,77.3649368286133,805.1767578125,0.01702418515,114046440,549009215,46571454464.0,144636304.0,11189778432.0,13897294.0,0.1771794724
1614,3,633277534,False,0.2889803647995,11730,3130,4150,8.23793026325483e-05,8.58332431371451e-06,0.00491899956803266,573.087930532118,6.36467914550781e-05,114046440,928,2574890041344.0,6053198336.0,29775680.0,51956.564453125,7.4151679616
1615,1,633276781,False,0.491498559713364,8450,5200,5440,0.00135299768296129,0.00534210866317153,3.51904058456421,658.736206054688,0.001045334915625,114046440,100,44313807616.0,159737408.0,562122432.0,853334.625,0.1956783248
1616,2,633275608,False,0.992458403110504,7980,5290,6820,0.0824622764854699,0.269646465778351,612.416809082031,2271.18432617188,0.0637108976,114046440,749,224605159424.0,192878096.0,118121783296.0,52008896.0,0.2362756676
1617,2,633275367,False,0.56183260679245,9990,6020,7150,0.00279833003442682,0.00436437450156893,1.8801141016448,430.786611224342,0.00216200820390625,114046440,398,47558450176.0,404388912.0,760297296.0,1764904.65625,0.4953764172
1618,2,633275686,False,0.16313710808754,7630,3220,9930,8.35030987094147e-06,1.63938093464822e-05,0.0104339234530926,636.455078125,6.45150437011719e-06,114046440,847,136563875840.0,321251392.0,3351912.5,5266.5341796875,0.3935329552
1619,2,633275366,False,0.488077521324158,8610,4810,5790,0.00279321542354719,0.104786992073059,69.7908248901367,666.025695800781,0.002158056621875,114046440,397,3878460928.0,16812000.0,1173323392.0,1761678.875,0.0205947
1620,3,633277762,False,0.569169580936432,8930,5390,5990,0.000648327827360998,0.0119813606129864,9.3385165846226,779.420375220217,0.000500902346875,114046440,607344858,11052655616.0,34128000.0,318704894.0,408899.875,0.0418068
1621,2,633275722,False,0.717880666255951,10450,4570,6350,0.0335541067673804,0.0868599489331245,74.2936096191406,855.326416015625,0.02592412375,114046440,898,86127575040.0,243639904.0,18100887552.0,21162550.0,0.2984588824
1622,2,633276039,False,0.290949463844299,9010,2870,9430,9.70633176422968e-05,0.000102434729342349,0.0921401605010033,899.501159667969,7.49917581054687e-05,114046440,484682470,216767102976.0,597627008.0,55065448.0,61217.76171875,0.7320930848
1623,1,633276264,False,0.0982777401804924,4840,3450,1320,2.83298934555523e-05,3.20709332299884e-05,0.00460375333204865,143.549087524414,2.18878621582031e-05,114046440,873,124325576704.0,557128832.0,2564883.75,17867.642578125,0.6824828192
1624,3,633277151,False,0.61861515045166,12750,6730,7150,0.0356567178744705,0.012271020436123,6.45516132400525,526.049268486488,0.02754861493125,114046440,395,265384325120.0,1832664640.0,11830145904.0,22488665.25,2.245014184
1625,1,633275468,False,0.183599397540092,5530,2440,5550,1.94346929589597e-05,5.69562762393616e-05,0.0396182686090469,695.590881347656,1.50153717041016e-05,114046440,588,70189793280.0,215208000.0,8526168.0,12257.4462890625,0.2636298
1626,1,633276015,False,0.744516849517822,9110,2110,5270,0.0269442087143801,0.00668097329662619,5.60113851067603,838.371635687353,0.02081727300625,114046440,294,983242371072.0,2543595296.0,14247029568.0,16993692.25,3.1159042376
1627,1,633276106,False,0.553758084774017,8480,4360,5640,0.000558967189264398,0.113048002123833,61.6366691589355,545.225646972656,0.0004318617296875,114046440,1060,564914816.0,3118500.0,192213952.0,352540.1875,0.0038201625
1628,3,633277551,False,0.755929291248322,5780,2140,7860,0.018568090014026,0.0138130529676406,9.3103778706721,674.027522552997,0.0143458285646484,114046440,945,277777457152.0,847812608.0,7893455744.0,11710880.4609375,1.0385704448
1629,3,633277298,False,1.0,6560,5810,7480,1.15450855463454,0.0148983261317659,13.4832546177354,905.018087165287,0.891980908574667,114046440,623,14089524171808.8,48874462408.0,658986820952.0,728147680.469116,59.8712164498
1630,3,633277577,False,0.74070543050766,3700,3310,6190,0.00923556452778437,0.00268506307859142,1.62227796510128,604.186165321795,0.00713545794496155,114046440,972,681825625344.0,2169358208.0,3519302019.25,5824863.62854004,2.6574638048
1631,3,633277764,False,0.437385648488998,8920,5480,5930,0.000462801009549596,0.0101578638742727,8.59291405662741,845.937114632055,0.00035756310625,114046440,607344850,9527150848.0,28735200.0,246919104.0,291888.25,0.03520062
1632,2,633275986,False,0.518215179443359,8460,4260,5750,0.00169062353985642,0.144870385527611,164.969024658203,1138.7353515625,0.001306186875,114046440,549009211,4219157504.0,7360200.0,1214205056.0,1066275.0,0.009016245
1633,2,633276640,False,0.529935479164124,7390,800,8140,0.000154009418711483,0.000505843432620168,0.420531809329987,831.347778320312,0.000118988690625,114046440,312782554,62670114816.0,192023104.0,80751824.0,97133.625,0.2352283024
1634,2,633275544,False,0.283253848552704,5150,4630,9190,4.03732629867399e-05,0.00143821944948286,0.710220277309418,493.819152832031,3.11926487304687e-05,114046440,662,3743250688.0,17704800.0,12574308.0,25463.38671875,0.02168838
1635,2,633275561,True,1.0,6630,5180,6790,0.0859282644300733,0.767342090606689,2922.63745117188,3808.7802734375,0.0663887427,114046440,685,226335834112.0,70626768.0,206416429056.0,54194892.0,0.0865177908
1636,2,633275182,False,0.40661147236824,11830,5020,5840,0.000689374258114626,0.0035258735987666,2.14115242398756,607.268628329888,0.000532615089453125,114046440,154,26665916416.0,123313504.0,264033008.0,434787.828125,0.1510590424
1637,2,633275936,False,0.584219574928284,6310,6720,7820,0.000939106771941336,0.0225393641740084,18.4570446014404,818.88037109375,0.0007255600734375,114046440,1139,8501777408.0,26278200.0,485017888.0,592293.9375,0.032190795
1638,1,633276085,False,0.0,0,0,0,0.0,0.0,0.0,0.0,0.0,114046440,1090,399322972160.0,983482176.0,0.0,0.0,1.2047656656
1639,3,633277136,False,0.683226108551025,10560,6700,6260,0.343321591117188,0.0137566398145914,7.8618674780463,571.496207213869,0.26525252112571,114046440,370,2530149869024.0,15740229680.0,123747599818.171,216532670.306702,19.281781358
1640,2,633275879,False,0.617538750171661,7650,700,7700,0.000168992478664809,0.00114447821397334,0.820042788982391,716.521057128906,0.000130564701367187,114046440,1066,27896467456.0,93128400.0,76369272.0,106583.4296875,0.11408229
1641,2,633275809,False,0.717880666255951,10450,4570,6350,0.185410255705584,0.0448443566754316,30.0932500130992,671.05991130398,0.143249183974805,114046440,987,572975783296.0,2607643816.0,78472477300.0,116938109.367188,3.1943636746
1642,1,633276210,False,0.0921938270330429,6310,2060,3250,5.82638093677814e-06,2.77620565611869e-05,0.0193057712167501,695.4013671875,4.50150026245117e-06,114046440,182305709,45338165248.0,132363904.0,2555387.25,3674.69409179688,0.1621457824
1643,1,633276321,False,0.574465751647949,8190,5020,4900,0.00480865483203644,0.00979611304250262,3.5309248399722,360.441414329592,0.003715198375,114046440,792,19837892776.0,309593712.0,1093152128.0,3032815.0,0.3792522972
1644,2,633275108,False,0.713825881481171,4090,3330,6190,0.0028740396162928,0.00167244118445629,1.162910964384,695.337435595419,0.00222050192519531,114046440,48,375152407552.0,1083837596.0,1260406624.0,1812654.6328125,1.3277010551
1645,2,633275605,False,0.208509236574173,9430,4930,9230,0.000104718653902012,0.000235739149502479,0.157599583268166,668.533813476562,8.09063212890625e-05,114046440,743,76381249536.0,280165504.0,44153968.0,66045.9765625,0.3432027424
1646,2,633275591,False,0.0693388879299164,7850,1090,8430,4.6653002415633e-06,6.38766505289823e-06,0.00689499313011765,1079.42309570312,3.60444167480469e-06,114046440,721,200960032768.0,460638016.0,3176096.0,2942.4013671875,0.5642815696
1647,3,633276900,False,0.250721365213394,9450,6020,7560,0.000130721588309769,8.37292598648751e-05,0.0136358402235204,162.856332965637,0.000100996359570312,114046440,78,22132420608.0,984673792.0,13426854.5,82446.0078125,1.2062253952
1648,3,633277095,False,0.23054002225399,6760,1310,6400,3.33580706319482e-05,0.000753839627225984,0.342432047009925,454.25052576504,2.57726649414062e-05,114046440,330,5619687680.0,27909000.0,9556936.0,21038.91015625,0.034188525
1649,2,633275075,True,0.782525777816772,6780,5230,7310,0.000293655637588379,0.512169301509857,2061.7724609375,4025.568359375,0.000226880278515625,114046440,6,900657920.0,361615.5625,745569024.0,185208.390625,0.0004429790640625
1650,1,633276158,False,0.26662877202034,11610,3670,5080,1.69240944206899e-05,4.72476713184733e-05,0.0259781815111637,549.829895019531,1.30756667480469e-05,114046440,989,38371491840.0,225916192.0,5868892.0,10674.013671875,0.2767473352
1651,3,633276973,False,0.360940188169479,4860,4570,10000,5.87834199700675e-05,0.000102486052081281,0.0764910860529848,746.356060162414,4.54164571960449e-05,114046440,180,109150101504.0,361753216.0,27670896.375,37074.6589355469,0.4431476896
1652,3,633277423,False,0.126596614718437,8350,2220,9610,2.61261793119634e-05,0.000100957393077173,0.0843229870135472,835.233403353525,2.01852581054687e-05,114046440,791,62956380160.0,163215008.0,13762777.0,16477.76171875,0.1999383848
1653,2,633275326,False,1.0,6910,5360,7180,6.44308096622473,0.0762557821377811,106.211264815773,1392.82900047982,4.97796676447543,114046440,343,20217022033543.0,53289681443.5,5659964467743.75,4063646338.34729,65.2798597682875
1654,2,633276040,False,0.0713709965348244,9740,1920,7640,8.17409486556269e-06,3.50742266164161e-05,0.0190943516790867,544.398376464844,6.31535949707031e-06,114046440,484682508,44159504384.0,146985296.0,2806589.0,5155.3955078125,0.1800569876
1655,1,633276801,False,0.551225185394287,6620,5650,5660,0.00989068560320205,0.106109283864498,91.4402618408203,861.755493164062,0.0076416088,114046440,63,24676855808.0,58788900.0,5375672320.0,6238048.0,0.0720164025
1656,3,633277542,False,0.291044384241104,5480,2030,8580,0.00045531427955287,0.00123682546959045,1.00692951446952,814.124174531228,0.000351778809375,114046440,182305705,98800975872.0,232180192.0,233789088.0,287166.375,0.2844207352
1657,3,633277552,True,1.0,7070,5710,6390,0.000794819449366899,0.98679351600606,3545.00964675877,3592.45332408224,0.00061408273828125,114046440,946,1811453184.0,508000.9375,1800868224.0,501292.03125,0.0006223011484375
1658,3,633277458,False,0.602324604988098,7620,2920,5680,0.00659692871779113,0.0220791460193074,14.0908385031861,638.196716977377,0.00509683055,114046440,832,16910802240.0,188443792.0,2655331040.0,4160678.0,0.2308436452
1659,1,633276410,False,0.112580895423889,10630,5130,5320,1.0099026174429e-05,0.000466646743007004,0.188809543848038,404.609130859375,7.80257409667969e-06,114046440,653,2572776448.0,13649400.0,2577137.0,6369.4482421875,0.016720515
1660,1,633276423,False,0.11715005338192,7480,2440,3650,8.90927837323264e-06,7.78218873165315e-06,0.00433854013681412,557.49609375,6.88336711425781e-06,114046440,632,128858333184.0,722043008.0,3132612.5,5619.0751953125,0.8845026848
1661,2,633275353,False,0.715299129486084,6230,2110,6820,0.00350969270953583,0.00029053306550891,0.266887813554157,918.614248215312,0.0027116116890625,114046440,375,2651305476096.0,7618962608.0,2033408272.0,2213560.5625,9.3332291948
1662,3,633277169,False,0.312506586313248,5500,4670,6030,0.000258421282670032,0.0217401773209284,11.9052866479925,547.616814354674,0.000199657983984375,114046440,428,1505060800.0,7497000.0,89253934.0,162986.109375,0.009183825
1663,3,633277705,False,0.196006685495377,9460,4720,10420,6.16267790529237e-05,4.41066026712556e-05,0.0252315282927487,572.057849950709,4.76132551391602e-05,114046440,1121,188443574272.0,881227776.0,22234723.5625,38867.9633789062,1.0795040256
1664,3,633277424,False,0.697571396827698,8420,4890,6650,0.0416721857718566,0.0424469479312154,32.3064543802007,761.101939120636,0.0321962050240845,114046440,792,83568668392.0,619187424.0,20003750266.25,26282616.3461914,0.7585045944
1665,2,633275387,True,0.954836845397949,6720,6250,6700,0.000622961240228873,0.241254568099976,607.050659179688,2516.224609375,0.0004813039546875,114046440,436,1732484096.0,1628575.125,988627648.0,392901.1875,0.001995004528125
1666,2,633275826,False,0.117224738001823,7600,2960,9550,1.07819711907719e-05,0.000273531361017376,0.1315898001194,481.077545166016,8.33022191162109e-06,114046440,1005,5617936896.0,24860700.0,3271414.5,6800.18115234375,0.0304543575
1667,1,633276193,False,0.263079524040222,8140,6350,5690,1.15103278882674e-05,0.000425902748247609,0.399953722953796,939.072814941406,8.89295509033203e-06,114046440,606826655,2500889600.0,17045100.0,6817251.0,7259.55517578125,0.0208802475
1668,1,633276557,False,0.558295130729675,7460,4960,5560,0.0045260875073261,0.0905265212059021,61.2809715270996,676.939453125,0.003496885,114046440,414,9950134272.0,31533300.0,1932391296.0,2854600.0,0.0386282925
1669,2,633275844,False,0.0599851496517658,12100,4810,9130,8.1852873349086e-06,2.34929325415578e-06,0.000538325810339302,229.143707275391,6.32400687255859e-06,114046440,1025,741919621120.0,2197449984.0,1182944.0,5162.45458984375,2.6918762304
1670,1,633276302,False,0.130311876535416,10790,1380,5070,2.84899216898801e-05,3.01632426271681e-05,0.0262391828000546,869.905944824219,2.20115010253906e-05,114046440,820,255989956608.0,595710912.0,15630968.0,17968.572265625,0.7297458672
1671,3,633277571,False,0.691835105419159,6470,6470,8880,0.00318290600659246,0.00229305718285767,1.42317514309261,620.645291243463,0.00245913413137665,114046440,966,214081814528.0,875449792.0,1245918383.0,2007456.43377686,1.0724259952
1672,2,633275933,True,1.0,6530,5900,6570,0.909546662471804,0.867038008731363,3550.13629086886,4094.55670353295,0.702721738289307,114046440,1129,2461582713529.0,661620820.34082,2348844085086.38,573650398.603516,0.810485504917505
1673,1,633275287,False,0.0791248977184296,6870,550,3770,2.86529982985628e-06,1.67555608641123e-05,0.00678487541154027,404.932769775391,2.21374950866699e-06,114046440,312782550,22384175104.0,107853296.0,731771.1875,1807.14245605469,0.1321202876
1674,1,633276353,False,0.0,0,0,0,0.0,0.0,0.0,0.0,0.0,114046440,735,34643034112.0,168744608.0,0.0,0.0,0.2067121448
1675,1,633276444,False,0.0,0,0,0,0.0,0.0,0.0,0.0,0.0,114046440,608,26226137088.0,107451904.0,0.0,0.0,0.1316285824
1676,2,633275420,False,0.335787385702133,2060,2780,6040,6.30399078558993e-05,0.000209945370443165,0.0910370424389839,433.622497558594,4.87050477539062e-05,114046440,484,33873631232.0,189378896.0,17240494.0,39759.22265625,0.2319891476
1677,3,633277111,False,1.0,7300,3070,5140,7.81993843754063,0.0459901536493771,59.201340248598,1287.26119725412,6.04173590963429,114046440,343,32226145986951.0,107240983615.5,6348809959615.54,4932029313.98717,131.370204928987
1678,3,633277487,False,0.544618964195251,12740,7390,7090,0.00171833217036039,0.00423743034823171,1.13760686097307,268.466208877698,0.0013275947453125,114046440,866,6669394944.0,255756608.0,290950472.0,1083750.8125,0.3133018448
1679,2,633275938,False,0.463545799255371,7610,2970,5830,0.000166220864959485,0.0160911381244659,8.76384925842285,544.638244628906,0.000128423334375,114046440,599626923,785846144.0,6515100.0,57097352.0,104835.375,0.0079809975
1680,2,633275088,False,0.405763030052185,1870,3740,7150,0.00021804788961932,0.000287776938185244,0.0883781623382989,307.106479399017,0.000168465234765625,114046440,21,28681093120.0,477879296.0,42234094.0,137522.640625,0.5854021376
1681,3,633277282,False,0.504258871078491,3430,5680,5900,0.00072731425953016,0.000710235738401726,0.388345883609251,546.784486631387,0.000561927784277344,114046440,605,121426219008.0,645865216.0,250819098.0,458716.55859375,0.7911848896
1682,3,633277343,False,0.674247324466705,8900,4260,5790,0.0100913973526391,0.107471180376145,77.9701420760598,725.498145671864,0.00779668001875,114046440,681,16150208000.0,59221800.0,4617532160.0,6364636.75,0.072546705
1683,1,633276099,False,0.0,0,0,0,0.0,0.0,0.0,0.0,0.0,114046440,1070,234475913216.0,543617088.0,0.0,0.0,0.6659309328
1684,2,633275186,False,0.519321441650391,8000,3220,5970,0.00324532274669828,0.0867040529847145,64.6272659301758,745.377685546875,0.002507357715625,114046440,158,5898671104.0,23607000.0,1525655936.0,2046822.625,0.028918575
1685,1,633276178,False,0.0893488824367523,11990,4730,5300,4.95096833782892e-06,4.56787438452011e-06,0.00287752388976514,629.948120117188,3.82515072631836e-06,114046440,968,214705094656.0,683594112.0,1967058.375,3122.57202148438,0.8374027872
1686,3,633277264,False,0.596874952316284,5810,2710,5850,0.00429428833789509,0.00845676082354952,6.25364305818352,739.484441935382,0.0033177954359375,114046440,581,54980483072.0,320264992.0,2002822944.0,2708404.4375,0.3923246152
1687,1,633276007,False,0.395370930433273,7950,3590,5240,0.00118795656016741,0.0267820283770561,17.7203350067139,661.650207519531,0.0009178230578125,114046440,549009203,7072181760.0,27975600.0,495736992.0,749243.3125,0.03427011
1688,1,633276831,False,0.0205395128577948,9000,5690,1200,2.47211595718671e-07,2.15954202076318e-07,8.94773402251303e-05,414.334777832031,1.90997306060791e-07,114046440,20,138618028032.0,721987200.0,64601.4921875,155.916168212891,0.88443432
1689,2,633275177,False,0.634295344352722,10810,4240,6680,0.00174087490761843,0.168433666229248,160.720657348633,954.207458496094,0.0013450114125,114046440,147,3284242944.0,6518700.0,1047689728.0,1097968.5,0.0079854075
1690,3,633277146,False,0.357864767313004,8330,1250,7530,0.000434490512183334,4.30414423120554e-05,0.0369322163494661,858.061774085153,0.000335690229638052,114046440,385,2222637096960.0,6366720672.0,235137105.294922,274032.840520859,7.7992328232
1691,2,633275880,False,0.540425658226013,10550,6810,6420,0.00265730218932495,0.0394211448729038,12.2076044082642,309.671478271484,0.0020530491625,114046440,1069,3478781440.0,42514200.0,518996544.0,1675958.5,0.052079895
1692,1,633276596,False,0.475940436124802,5260,5590,4620,0.00552112674225092,0.00577171985059977,3.52068614959717,609.989074707031,0.0042656588625,114046440,351,140478889984.0,603315904.0,2124085888.0,3482170.5,0.7390619824
1693,2,633275097,False,0.713825881481171,4090,3330,6190,0.0286753300751542,0.00725469692009762,4.74989418469037,654.733648697548,0.0221547487642578,114046440,31,872358599168.0,2492937940.0,11841191424.0,18085509.1953125,3.0538489765
1694,2,633275376,False,0.311610221862793,7480,1420,8270,0.00026604768376037,0.000366407930095762,0.244426759295113,667.089162702432,0.000205550191665649,114046440,417,181605967872.0,457948808.0,111934943.0625,167796.074829102,0.5609872898
1695,3,633277371,False,0.731640875339508,3270,4230,6270,0.00227028742200689,0.000269459629933811,0.19101251868166,708.872489465602,0.00175403900584209,114046440,714,1642646735248.0,5313851936.0,1015012242.19678,1431868.57619762,6.5094686216
1696,2,633276651,False,0.27763557434082,7150,1280,7320,0.000175506862790336,0.00624955119565129,3.43149781227112,549.0791015625,0.000135597757421875,114046440,312782570,4165907968.0,17712000.0,60778688.0,110692.046875,0.0216972
1697,2,633275823,False,0.999898910522461,7010,5360,7210,0.0520812102756684,0.0599294402511372,67.2650991864277,1122.40492994011,0.0402382858705318,114046440,1000,104437319296.188,548104240.0,36868286068.1016,32847580.302475,0.671427694
1698,3,633277300,False,0.598937094211578,7920,2430,6370,0.00231063302158457,0.00788027229265352,7.69767309064954,976.828313131488,0.00178521028164062,114046440,628,54576916480.0,184932000.0,1423546080.0,1457314.515625,0.2265417
1699,2,633275145,False,0.424071758985519,11150,5540,7120,0.000154266375572919,0.0299297664314508,22.9603157043457,767.139770507812,0.0001191872171875,114046440,106,1193633536.0,3250800.0,74639392.0,97295.6875,0.00398223
1700,2,633275191,False,0.149447217583656,12930,5750,5700,1.03710882630499e-05,0.0336473137140274,18.4779644012451,549.166137695312,8.0127710571289e-06,114046440,164,35473624.0,194400.0,3592116.25,6541.03759765625,0.00023814
1701,1,633276284,False,0.226031020283699,9500,3980,2890,2.09650783040757e-05,3.14979552058503e-05,0.0144521398469806,458.827880859375,1.61977574951172e-05,114046440,843,113667555328.0,419794208.0,6066924.5,13222.6591796875,0.5142479048
1702,1,633276365,False,0.204642057418823,7410,4300,3330,5.01762372373387e-05,8.03092261776328e-05,0.0363300703465939,452.377319335938,3.87664911621094e-05,114046440,718,78998945792.0,394053312.0,14315985.0,31646.115234375,0.4827153072
1703,2,633275206,False,0.595774054527283,6390,4690,5850,0.00905959931394214,0.140003934502602,134.127990722656,958.030212402344,0.0069995060625,114046440,189,19207489536.0,40812300.0,5474072064.0,5713882.5,0.0499950675
1704,1,633276566,False,0.292206227779388,10460,7020,4520,0.000217367978654811,0.000339014788044096,0.144505450114814,426.251170187946,0.000167939931079102,114046440,398,45712176128.0,404388912.0,58436401.75,137093.821289062,0.4953764172
1705,3,633276898,False,0.13265323638916,8750,1880,8920,1.76470276973062e-05,5.9730058129202e-05,0.0426455783389877,713.971820465019,1.36342097560883e-05,114046440,74,61594220544.0,186337792.0,7946482.90625,11129.9671478271,0.2282637952
1706,2,633275864,False,0.440793216228485,7610,1730,9380,0.000234520182057518,0.000256469764281064,0.237638220191002,926.573974609375,0.000181191836328125,114046440,1047,273202429952.0,576721792.0,137051136.0,147911.703125,0.7064841952
1707,2,633275325,True,1.0,6530,5900,6570,0.909546662471804,0.867038008731363,3550.13629086886,4094.55670353295,0.702721738289307,114046440,343,2461582713529.0,661620820.34082,2348844085086.38,573650398.603516,0.810485504917505
1708,2,633275977,False,0.575787127017975,9030,1540,5980,0.0235008670379568,0.0152740246238386,13.2593685610859,868.099200284878,0.0181569245621094,114046440,302,334194667520.0,970404304.0,12866948320.0,14821979.234375,1.1887452724
1709,3,633277664,True,0.925642430782318,6380,5290,6430,2.40940365802597e-05,0.722387546825121,1851.93142460712,2563.62589962455,1.86152112548828e-05,114046440,1077,47176940.0,21035.92578125,38957092.0,15196.0908203125,2.57690090820312e-05
1710,2,633275620,False,0.787251114845276,2890,2570,7250,0.0476722969958832,0.0147721637040377,10.8903713226318,737.222534179688,0.03683193045,114046440,767,790572826624.0,2035374336.0,22165983232.0,30066882.0,2.4933335616
1711,2,633275923,False,0.230865746736526,10710,5110,6170,1.77983828953056e-05,0.000859356252476573,0.323810189962387,376.805541992188,1.37511477783203e-05,114046440,1116,334594624.0,13062600.0,4229803.0,11225.4267578125,0.016001685
1712,2,633275601,False,0.122435361146927,7770,2190,10330,2.16993080092808e-06,8.1103253251058e-06,0.00738434540107846,910.486938476562,1.67650281982422e-06,114046440,735,49552289792.0,168744608.0,1246068.5,1368.57373046875,0.2067121448
1713,3,633277084,False,0.565183639526367,6320,6520,8020,0.0138986609315272,0.00655799889889976,4.76969861695413,727.310066757459,0.0107381969201599,114046440,319,388833771520.0,1336669184.0,6375509158.25,8765875.03686523,1.6374197504
1714,3,633277659,False,0.540425658226013,10550,6810,6420,0.00290818233809662,0.0215714799040673,6.57873134152824,304.973574867611,0.00224688081679687,114046440,1069,5760354560.0,85028400.0,559379000.0,1834188.421875,0.10415979
1715,3,633277742,True,0.134201973676682,6060,720,6850,2.3803926954172e-06,0.110005933770039,302.315626476958,2748.17563122487,1.83910706481934e-06,114046440,943,11248605.0,13647.5537109375,4125868.75,1501.31188964844,1.67182532958984e-05
1716,2,633275252,False,0.87624204158783,8980,4530,6730,0.0211803676359351,0.215461522340775,425.907135009766,1976.72021484375,0.01636409145,114046440,246,61119447040.0,61999200.0,26405902336.0,13358442.0,0.07594902
1717,1,633275954,False,0.0,0,0,0,0.0,0.0,0.0,0.0,0.0,114046440,526322264,46108060.0,423900.0,0.0,0.0,0.0005192775
1718,1,633276393,False,0.0,0,0,0,0.0,0.0,0.0,0.0,0.0,114046440,675,19468613632.0,75567600.0,0.0,0.0,0.09257031
1719,3,633276952,False,0.850746393203735,7040,3480,5980,0.0747184049116922,0.117801625367407,107.284702352879,910.7234473062,0.05772793145,114046440,149,151524843520.0,400035584.0,42917698560.0,47124842.0,0.4900435904
1720,2,633275797,False,0.429156482219696,7860,4450,9860,5.99693328195516e-05,0.000216393455048092,0.168166920542717,777.134948730469,4.63327012695312e-05,114046440,977,49266778112.0,174786304.0,29393274.0,37822.61328125,0.2141132224
1721,1,633276340,False,0.0,0,0,0,0.0,0.0,0.0,0.0,0.0,114046440,759,11941006336.0,33389100.0,0.0,0.0,0.0409016475
1722,2,633275805,False,0.355654954910278,10470,3860,7390,0.000228248200015554,0.00011659261508612,0.0711867660284042,610.559814453125,0.00017634606171875,114046440,984,525461323776.0,1234691968.0,87893728.0,143955.96875,1.5124976608
1723,2,633275908,True,0.954836845397949,6720,6250,6700,0.000622961240228873,0.241254567547199,607.050686716095,2516.22463726964,0.0004813039546875,114046440,1099,1732484096.0,1628575.125,988627648.0,392901.1875,0.001995004528125
1724,2,633276661,False,0.0,0,0,0,0.0,0.0,0.0,0.0,0.0,114046440,312782586,11840906240.0,25765200.0,0.0,0.0,0.03156237
1725,3,633277002,False,0.915192723274231,6650,3140,6510,0.0646209532669399,0.0377158362659965,36.39459663531,964.968571255632,0.0499265738453125,114046440,218,317436633088.0,1080617344.0,39328632352.0,40756386.8125,1.3237562464
1726,2,633275956,False,0.739023149013519,5220,2890,6020,0.0330327552681129,0.0821451768279076,67.5052261352539,821.779479980469,0.02552132415,114046440,250,66832478208.0,253620896.0,17120735232.0,20833734.0,0.3106855976
1727,3,633277389,False,0.723163723945618,7470,4600,6020,0.0166244937447253,0.0541213911934677,55.3299120881263,1022.3298194671,0.01284419329375,114046440,741,67179767808.0,193732192.0,10719185152.0,10485055.75,0.2373219352
1728,2,633275397,False,0.164027884602547,1990,3260,7320,1.37105279820284e-05,5.1185728807468e-05,0.0302645359188318,591.268981933594,1.05928441650391e-05,114046440,448,55508922368.0,168938096.0,5112833.0,8647.2197265625,0.2069491676
1729,1,633275248,False,0.0,0,0,0,0.0,0.0,0.0,0.0,0.0,114046440,312782608,39693770752.0,124375504.0,0.0,0.0,0.1523599924
1730,1,633276241,False,0.105780012905598,6730,1280,4780,8.25036035323409e-06,2.80501171801006e-05,0.0178151056170464,635.116943359375,6.37428271484375e-06,114046440,906,56871596032.0,185507104.0,3304828.5,5203.49609375,0.2272462024
1731,3,633277393,False,0.549152910709381,3450,3830,6610,0.000505073870886575,0.000199204707286655,0.143543056719137,720.580646282515,0.000390223397169495,114046440,746,503319136512.0,1599107352.0,229540757.328125,318549.711975098,1.9589065062
1732,3,633277683,False,0.999788701534271,5810,4690,6350,0.0172173174035706,0.0493941075783497,155.833657588965,3154.90379782201,0.0133022127546875,114046440,1096,100884910080.0,219843008.0,34258940032.0,10858949.1875,0.2693076848
1733,3,633277753,False,0.0834637507796288,8690,2140,9380,2.35325118096715e-06,3.35125196458156e-06,0.00288703947842638,861.480876084131,1.81813735210299e-06,114046440,312782574,158937826944.0,442877400.0,1278604.53790283,1484.19375681877,0.542524815
1734,2,633275385,False,0.535577714443207,7800,980,7830,3.65421233875216e-05,0.00022515983437188,0.250746309757233,1113.63696289062,2.82326850585937e-05,114046440,433,40361545728.0,102358800.0,25666090.0,23047.08984375,0.12538953
1735,2,633275577,False,0.0554657578468323,3770,4060,7690,1.44162926449235e-06,0.000660301011521369,0.301789492368698,457.04833984375,1.11381225891113e-06,114046440,699,300313632.0,1377000.0,415564.125,909.234497070312,0.001686825
1736,3,633276873,False,0.387486070394516,4790,4550,9990,0.000232746233343369,0.00083111598227096,0.305095065259586,367.090841432188,0.000179821271875,114046440,36,40403539968.0,176621408.0,53886320.0,146792.875,0.2163612248
1737,3,633277647,False,0.168317928910255,8980,4140,5830,7.19088792685777e-07,0.125980211893717,26.8103754340278,212.814179552629,5.55572734451294e-07,114046440,1051,313732.234375,3600.0,96517.3515625,453.528762817383,4.41e-06
1738,1,633276461,False,0.412784278392792,8760,3680,5420,0.00133969459121171,0.0203270930796862,11.1323480606079,547.660583496094,0.001035056859375,114046440,587,9898215424.0,41567400.0,462742752.0,844944.375,0.050920065
1739,2,633275150,False,0.56183260679245,9990,6020,7150,0.00163643368636324,0.00679582450538874,3.41953778266907,503.182189941406,0.0012643194375,114046440,114,22898057216.0,151872304.0,519333088.0,1032097.5,0.1860435724
1740,2,633276020,False,0.0834637507796288,8690,2140,9380,2.35325118096715e-06,6.70250392916311e-06,0.00577407895685276,861.480876084131,1.81813735210299e-06,114046440,312782574,86106790528.0,221438700.0,1278604.53790283,1484.19375681877,0.2712624075
1741,2,633275333,False,0.50457489490509,10570,4540,6620,0.00159128796126028,0.0834246948361397,68.1825256347656,817.294250488281,0.001229439553125,114046440,350,4399036416.0,12030300.0,820256256.0,1003624.125,0.0147371175
1742,2,633275094,False,0.27098086476326,7130,5170,9830,0.000481482704881799,0.000643500941805542,0.392021209001541,609.20068359375,0.00037199670703125,114046440,28,125209149440.0,471904192.0,184996448.0,303670.78125,0.5780826352
1743,1,633276787,False,0.362627804279327,11860,3740,4010,1.86670507482534e-05,3.04264085571049e-05,0.0147760612890124,485.632781982422,1.44222862792969e-05,114046440,91,94193369088.0,386943296.0,5717498.0,11773.294921875,0.4740055376
1744,3,633276868,False,0.410567790269852,5240,6770,6020,0.00198950721649548,0.027812814992231,13.0502316735823,469.216498841546,0.00153710637089844,114046440,576073699,7625895424.0,45115200.0,588763812.0,1254780.7109375,0.05526612
1745,3,633277403,False,0.999898910522461,7010,5360,7210,0.0176947747647617,0.115881420562763,258.507873005354,2230.79654831588,0.0136710994546875,114046440,760,56857184256.0,96306044.0,24895870592.0,11160081.1875,0.1179749039
1746,2,633275274,False,0.36539414525032,6950,1250,6700,0.000121758595064284,0.00496627762913704,2.55515360832214,514.500732421875,9.40714919921875e-05,114046440,279,3158086912.0,15462900.0,39510084.0,76793.0546875,0.0189420525
1747,3,633277055,False,0.625945031642914,10580,4370,6490,0.00253878115905063,0.114295214284695,117.50471312119,1028.0807806047,0.001961479034375,114046440,280,6119625088.0,14009400.0,1646170528.0,1601207.375,0.017161515
1748,1,633276258,False,0.330279588699341,6150,1730,4580,0.000205865627249332,0.00156991626136005,0.726732313632965,462.911499023438,0.000159053138671875,114046440,882,15930011648.0,82704600.0,60104104.0,129839.296875,0.101313135
1749,2,633275211,False,0.716818332672119,8320,4610,5740,0.00599640715460592,0.150982469320297,125.121070861816,828.712646484375,0.0046328636375,114046440,197,8794318848.0,25048800.0,3134132736.0,3781929.5,0.03068478
1750,3,633277390,False,0.208509236574173,9430,4930,9230,0.000106396934564428,0.000119758617604374,0.0798010653285138,666.349252561841,8.2202971975708e-05,114046440,743,149126938624.0,560331008.0,44715011.375,67104.4669189453,0.6864054848
1751,1,633276059,False,0.0278742853552103,3140,3970,5120,6.93325456824915e-07,1.56745295498695e-06,0.000704988255165517,449.766784667969,5.35667811584473e-07,114046440,1125,92828516352.0,278974784.0,196673.953125,437.279846191406,0.3417441104
1752,3,633277688,False,0.881748497486115,6710,6310,6730,0.0193067108647476,0.00319204571015825,2.61091584348374,817.944378169414,0.0149164918957031,114046440,1099,480188973504.0,3814709808.0,9959886276.0,12176728.078125,4.6730195148
1753,3,633277118,False,0.578172206878662,6220,7140,5090,0.00410654661734171,0.114982760327599,82.7903957721793,720.024423977123,0.003172744946875,114046440,349,6581046118.90625,22525080.0,1864860288.0,2589995.875,0.027593223
1754,3,633277310,False,0.741956293582916,5470,4750,9530,0.000452687857885823,0.00072291011830427,0.452535528370598,625.991415685411,0.000349749618707275,114046440,638,102931333120.0,394945216.0,178726742.0,285509.892822266,0.4838078896
1755,3,633277271,False,0.761429607868195,9160,4260,5690,0.0152412290605343,0.128410863042758,113.727653917262,885.654462733372,0.01177547389375,114046440,591,25729555456.0,74858400.0,8513470208.0,9612631.75,0.09170154
1756,3,633276863,True,1.0,6530,5900,6570,0.0398014710934038,0.795019896433274,2578.17900449488,3242.91129827248,0.03075087855,114046440,576073704,89802981376.0,31575006.0,81406017536.0,25102758.0,0.03867938235
1757,3,633277712,True,1.0,6530,5900,6570,0.909546662471804,0.867038008731363,3550.13629086886,4094.55670353295,0.702721738289307,114046440,1129,2461582713529.0,661620820.34082,2348844085086.38,573650398.603516,0.810485504917505
1758,2,633275096,False,0.464701473712921,6200,6910,5730,0.00223972400184638,0.0618150904774666,28.5663642883301,462.126068115234,0.00173042550625,114046440,30,3850647040.0,22851900.0,652795712.0,1412592.25,0.0279935775
1759,3,633276846,False,0.634212851524353,10470,1410,7250,0.00403911468990842,0.000636705968009945,0.492154976707838,772.970572658667,0.00312064659588623,114046440,4,1622780510208.0,4001009472.0,1969116723.5,2547466.60888672,4.9012366032
1760,3,633277089,False,1.0,7390,3310,5950,2.19579855967272,0.0722493942435775,80.5229845413206,1114.51432063015,1.69648842049839,114046440,323,7575764162880.0,19168167720.0,1543478073003.0,1384888506.5293,23.481005457
1761,1,633276524,False,0.0,0,0,0,0.0,0.0,0.0,0.0,0.0,114046440,469,3143379200.0,12598200.0,0.0,0.0,0.015432795
1762,2,633275106,True,0.635678708553314,6800,5330,6370,1.93865011603954e-05,0.936552946859629,3162.61323960599,3376.86539795812,1.49781384033203e-05,114046440,46,42459456.0,13055.376953125,41289108.0,12227.0517578125,1.59928367675781e-05
1763,1,633276821,False,0.204183652997017,6000,6860,5690,0.000180135678539239,0.00497164065018296,1.90597999095917,383.370422363281,0.0001391740109375,114046440,30,2997838336.0,22851900.0,43555264.0,113611.4375,0.0279935775
1764,3,633276934,False,0.999788701534271,5810,4690,6350,0.0274226668992588,0.0468001527610654,143.903190468158,3074.84446050518,0.0211869329492187,114046440,127,163479685120.0,369559808.0,53180835440.0,17295455.46875,0.4527107648
1765,3,633277400,False,0.405805915594101,9820,4510,6090,0.000886955578313907,0.0165616312505551,9.72656209846937,587.294931961691,0.00068526771796875,114046440,757,7750837504.0,33777000.0,328534088.0,559402.21875,0.041376825
1766,2,633275649,False,0.691887676715851,7690,5150,6770,0.0298933730705963,0.173981457948685,254.441055297852,1462.46069335938,0.0230958168,114046440,804,75955290112.0,108366304.0,27572836352.0,18853728.0,0.1327487224
1767,1,633276428,False,0.044684249907732,6010,1690,3620,5.98177806143112e-07,1.05816047835106e-06,0.00105084467213601,993.086303710938,4.6215611038208e-07,114046440,625,149589557248.0,356534112.0,374661.96875,377.270294189453,0.4367542872
1768,3,633277445,False,0.875073730945587,6770,5570,7350,0.0407734672845166,0.0143699501145363,10.1428929800476,705.840514351352,0.0315018492051758,114046440,818,327494860190.25,1789553552.0,18151250160.0,25715795.2695312,2.1922031012
1769,1,633276381,False,0.366939753293991,6400,6660,5130,0.000774977236562935,0.00197682133875787,1.30549573898315,660.401489257812,0.0005987525140625,114046440,693,64648855552.0,247254304.0,322789440.0,488777.5625,0.3028865224
1770,1,633276466,False,0.176009476184845,9200,2930,3710,7.78882463078285e-05,0.00124155054800212,0.602591753005981,485.354156494141,6.01769717773437e-05,114046440,580,7104030720.0,39566700.0,23842566.0,49124.05859375,0.0484692075
1771,3,633277605,True,1.0,6740,5540,7110,0.00501653481576924,0.656204222496684,2111.44586176037,3217.66576528092,0.00387580781875,114046440,1000,11932577792.0,4821555.0,10180452352.0,3163924.75,0.005906404875
1772,2,633275409,True,1.0,7070,5710,6390,0.0266285985507524,0.971984855706035,4689.34512276023,4824.50430706964,0.0205734305164062,114046440,467,81815045632.0,17278702.5,81025799296.0,16794637.15625,0.0211664105625
1773,2,633275835,False,0.829975664615631,7560,4170,8190,0.0331318758076079,0.0886994408181604,91.4641263431718,1031.16914266325,0.02559790533125,114046440,1014,81892788224.0,235584904.0,21547567424.0,20896249.25,0.2885915074
1774,2,633275238,False,0.396573424339294,12680,7300,5700,0.000447837360095782,0.00942246709018946,2.60954642295837,276.949371337891,0.0003460020921875,114046440,230,1248685440.0,29976300.0,78224544.0,282450.6875,0.0367209675
1775,1,633276080,False,0.430348843336105,6030,4720,5330,0.000639276464936498,0.00366799184121192,2.22512125968933,606.632019042969,0.0004939092046875,114046440,1096,29416574976.0,109921504.0,244588672.0,403191.1875,0.1346538424
1776,1,633276314,False,0.692442417144775,4270,5480,5570,0.0273703099815881,0.00409628869965672,2.52751088142395,617.024658203125,0.02114648165,114046440,803,879585362880.0,4214164480.0,10651346944.0,17262434.0,5.162351488
1777,2,633275492,False,0.258498430252075,7150,2710,10270,3.90968709025445e-05,0.00016739075363148,0.120111837983131,717.553588867188,3.02064998046875e-05,114046440,600,55245737984.0,147310208.0,17693700.0,24658.3671875,0.1804550048
1778,3,633277565,False,0.742097318172455,10350,3900,6580,0.0291051027862082,0.00207987529298025,0.868982317960326,417.805010181721,0.0224867939896896,114046440,960,749382759296.0,8825801520.0,7669465462.70737,18356566.5221956,10.811606862
1779,2,633276684,False,0.178720265626907,8020,1680,9010,2.10276963649206e-05,0.000120639262604527,0.0896380916237831,743.02587890625,1.62461366210937e-05,114046440,312782616,47402774528.0,109932304.0,9854122.0,13262.15234375,0.1346670724
1780,2,633275125,False,0.13265323638916,8750,1880,8920,1.72998012373791e-05,0.00011710959370248,0.0836530551314354,714.314270019531,1.33659403076172e-05,114046440,74,31526594560.0,93168896.0,7793862.5,10910.9716796875,0.1141318976
1781,2,633275707,False,0.619070887565613,9140,4490,6160,0.0131328306110297,0.036054866386228,16.4150881976479,455.280794048873,0.0101465113736568,114046440,877,23363854464.1875,229729500.0,3771030004.10156,8282866.42747498,0.2814186375
1782,2,633275739,False,0.696230053901672,9380,4700,10420,0.00111497717592179,0.000245010825763117,0.175796336461384,717.504362975978,0.000861438705175781,114046440,918,767735603200.0,2870139584.0,504560024.0,703215.26953125,3.5159209904
1783,1,633276445,False,0.0693359822034836,11670,5220,3330,9.75570354495858e-06,8.39212876259563e-06,0.00169145550073362,201.552615383187,7.53732077331543e-06,114046440,607,129132199936.0,733176896.0,1240136.09375,6152.91491699219,0.8981416976
1784,2,633275581,False,0.145365983247757,4190,5280,9270,1.68387414871319e-05,9.49783279793337e-05,0.0280617736279964,295.454498291016,1.30097225097656e-05,114046440,704,30546798592.0,111816896.0,3137780.5,10620.181640625,0.1369756976
1785,3,633276941,False,0.666744649410248,11190,5700,6780,0.0877826272638425,0.0221481653426262,12.7761532995152,576.84928308379,0.06782143563125,114046440,136,441866452992.0,2499730176.0,31936935936.0,55364437.25,3.0621694656
1786,2,633275316,False,0.434814125299454,7940,6090,8970,0.00103836356893129,0.00202757236547768,1.31660211086273,649.348999023438,0.000802246528125,114046440,334,91549646848.0,322994688.0,425255488.0,654895.125,0.3956684928
1787,1,633276503,False,0.362627804279327,11860,3740,4010,5.55261353915618e-05,4.36706652254164e-05,0.0204200420055922,467.591732349149,4.28998576904297e-05,114046440,519,179635048960.0,801917988.0,16375199.0,35020.2919921875,0.9823495353
1788,3,633277064,False,0.121263884007931,6290,7040,7540,9.23271650517262e-06,0.000259238515497703,0.0981156787848029,378.476472126197,7.13325754394531e-06,114046440,292,3590657280.0,22462200.0,2203894.0,5823.0673828125,0.027516195
1789,3,633277622,False,0.556018888950348,8070,3810,7350,0.00995554976975536,0.0339511414605692,22.482684379675,662.207024932765,0.00769172328203125,114046440,1029,41515700224.0,184940992.0,4157969952.0,6278957.78125,0.2265527152
1790,1,633276762,False,0.188134551048279,7880,6520,5460,4.35201298332296e-05,0.000489698024466634,0.21858848631382,446.3740234375,3.36239387695312e-05,114046440,126,6927335424.0,56051100.0,12252125.0,27448.11328125,0.0686625975
1791,2,633275161,False,0.999788701534271,5810,4690,6350,0.0262774666032143,0.0896914553002474,285.50547973009,3183.19597752477,0.0203021436625,114046440,127,115708588032.0,184779904.0,52755675136.0,16573178.5,0.2263553824
1792,2,633275448,False,0.405763030052185,1870,3740,7150,2.56861976671607e-05,0.000228244767640717,0.319769382476807,1400.99328613281,1.9845325390625e-05,114046440,538,5522282496.0,70977600.0,22696464.0,16200.265625,0.08694756
1793,2,633275747,False,0.543017089366913,4010,2770,6780,0.000506215025761852,0.0287056006491184,15.5095672607422,540.297607421875,0.0003911050609375,114046440,927,2341709312.0,11122200.0,172500512.0,319269.4375,0.013624695
1794,2,633276082,False,0.722858071327209,8120,4260,7840,0.0135709436612154,0.108289547264576,101.023323059082,932.900085449219,0.0104850004,114046440,560581563,30081187840.0,79039800.0,7984863232.0,8559184.0,0.096823755
1795,3,633277222,False,0.24872313439846,13140,5090,6540,1.11992303499065e-05,0.000351746254701319,0.0358484846221266,101.915753595065,8.65259908447265e-06,114046440,514,436395752.0,20080800.0,719866.25,7063.34619140625,0.02459898
1796,1,633276641,False,0.0,0,0,0,0.0,0.0,0.0,0.0,0.0,114046440,292,2017141632.0,11231100.0,0.0,0.0,0.0137580975
1797,3,633277175,False,0.881748497486115,6710,6310,6730,0.0126237112354963,0.0330325850244065,31.0510627628661,940.013103422688,0.00975316239296875,114046440,436,43545767936.0,241027616.0,7484163632.0,7961765.21875,0.2952588296
1798,2,633275141,True,1.0,6740,5540,7110,0.00501653481576924,0.656204223632812,2111.44580078125,3217.66577148438,0.00387580781875,114046440,102,11932577792.0,4821555.0,10180452352.0,3163924.75,0.005906404875
1799,2,633275369,False,0.128621727228165,8410,2010,9190,2.14464355401409e-05,3.96430806371172e-05,0.0300999871504983,759.274674590151,1.65696572641149e-05,114046440,402,127403507200.0,341200800.0,10270139.6957397,13526.2508278489,0.41797098
1800,1,633276425,False,0.656010687351227,2850,3460,4080,2.17703988089043e-05,2.52815352723701e-05,0.0496302992105484,1963.10461425781,1.68199534179687e-05,114046440,630,193863057408.0,543106816.0,26954554.0,13730.57421875,0.6653058496
1801,2,633275836,False,0.684706509113312,4060,2030,6190,0.00734575313670183,0.00859731063246727,6.42418193817139,747.231628417969,0.005675377225,114046440,1015,224607567872.0,538884928.0,3461894912.0,4632961.0,0.6601340368
1802,3,633277280,False,0.36234638094902,5450,3380,6150,0.00109468743776262,0.000506774353848787,0.342408672436716,675.662984593109,0.000845762719921875,114046440,603,100526290944.0,1362378624.0,466490256.0,690418.546875,1.6689138144
1803,1,633276818,False,0.273987859487534,8880,3780,5470,3.0612355140954e-05,0.00131885113660246,0.763861775398254,579.187255859375,2.36513070800781e-05,114046440,35,3035548672.0,14639400.0,11182478.0,19307.189453125,0.017933265
1804,2,633275541,False,0.139224275946617,3830,3740,9410,1.67228606811767e-05,1.56540882016998e-05,0.0102683929726481,655.955993652344,1.29201922363281e-05,114046440,657,282141655040.0,673759808.0,6918430.5,10547.095703125,0.8253557648
1805,1,633275095,False,0.287129640579224,5340,6860,5110,0.000111266322017448,0.00311095081269741,1.57869148254395,507.462707519531,8.59650927734375e-05,114046440,576073699,3316106240.0,22557600.0,35611492.0,70175.5859375,0.02763306
1806,2,633275209,False,1.0,7190,5490,6710,0.286227300518158,0.282574832439423,634.955017089844,2247.033203125,0.2211410964,114046440,194,715616354304.0,638851456.0,405641953280.0,180523344.0,0.7825930336
1807,2,633275260,False,0.135777249932289,8340,1150,7510,4.39858982089566e-05,0.000405652303015813,0.30884113907814,761.344482421875,3.39837944824219e-05,114046440,257,22250307584.0,68388304.0,21121122.0,27741.873046875,0.0837756724
1808,1,633276330,False,0.556533992290497,4250,3900,5510,0.00666139001970578,0.00119690042409056,0.516885317075413,431.853232459297,0.00514663377615967,114046440,776,455428427776.0,3510178132.0,1814359536.75,4201333.69482422,4.2999682117
1809,1,633276363,False,0.0,0,0,0,0.0,0.0,0.0,0.0,0.0,114046440,721,191711215616.0,460638016.0,0.0,0.0,0.5642815696
1810,1,633276705,False,0.380802720785141,12450,4840,5640,0.000588603789000017,0.0156289767473936,7.40689086914062,473.920379638672,0.00045475916171875,114046440,207,3496427776.0,23752800.0,175934400.0,371231.96875,0.02909718
1811,2,633275659,False,0.875073730945587,6770,5570,7350,0.040396191952061,0.028473986561432,20.1097191346224,706.248810339084,0.0312103638,114046440,818,185205183902.25,894776288.0,17993699840.0,25477848.0,1.0961009528
1812,2,633275587,False,0.731640875339508,3270,4230,6270,0.00217074051651131,0.000515288884210442,0.356476361133973,691.799051089932,0.00167712841141357,114046440,714,822237716736.0,2656925968.0,947131300.875,1369084.41748047,3.2547343108
1813,3,633277425,False,0.357310950756073,13050,5230,7580,0.00013135049871326,5.67575117324042e-05,0.0102941053984487,181.369920636806,0.000101482259887695,114046440,794,5543580928.0,1459589376.0,15025166.875,82842.6611328125,1.7879969856
1814,1,633276671,False,0.709669530391693,7570,3280,1460,7.19831354352037e-05,1.74117923619947e-05,0.0168849599441537,969.742780818422,5.56146442482373e-05,114046440,247,808817254144.0,2607411612.0,44026040.6265411,45399.7095903978,3.1940792247
1815,2,633275154,False,0.393563449382782,4100,4960,8890,0.000517184835070709,0.00041782907922968,0.291746843964842,698.244469970147,0.000399580407815552,114046440,119,249383210016.0,780673496.0,227759028.625,326188.088012695,0.9563250326
1816,1,633276315,False,0.725540935993195,6840,3050,5080,0.00357275872308907,0.0184980202466249,12.0273313522339,650.195617675781,0.00276033690625,114046440,802,17045653504.0,121815000.0,1465109376.0,2253336.25,0.149223375
1817,3,633277746,False,0.382838189601898,6860,1650,7870,0.000273533212697601,0.00780288892153461,3.40602448435394,436.508134180138,0.000211333560594177,114046440,182305713,4210099712.0,22109400.0,75305157.734375,172517.192321777,0.027084015
1818,1,633276746,False,0.381472438573837,10620,4200,4800,0.000316939367878198,0.0306646134704351,16.2735538482666,530.694885253906,0.000244869441796875,114046440,147,1336238720.0,6518700.0,106082416.0,199893.421875,0.0079854075
1819,3,633277443,False,0.0,0,0,0,0.0,0.0,0.0,0.0,0.0,114046440,816,94683877376.0,211433408.0,0.0,0.0,0.2590059248
1820,1,633276094,False,0.389909833669662,8220,4060,3360,0.00047265852086256,0.00239634932950139,1.3189811706543,550.412719726562,0.000365179084375,114046440,1079,28162297856.0,124399800.0,164080992.0,298105.375,0.152389755
1821,1,633276721,False,0.163259834051132,2620,2630,4760,2.99175897869219e-06,4.30559068775896e-06,0.00741804579038068,1722.88689946088,2.31145267944336e-06,114046440,184,125299779996.0,438244200.0,3250915.54296875,1886.90014648438,0.536849145
1822,2,633275508,False,0.584219574928284,6310,6720,7820,0.00292110309131529,0.0128148343835863,9.41952713661013,735.048683007174,0.00225686347578125,114046440,619,39216963584.0,143766004.0,1354207776.0,1842337.53125,0.1761133549
1823,1,633276803,False,0.67534476518631,7420,4050,5600,0.0190463172176767,0.151320457458496,135.461166381836,895.194030761719,0.01471531005,114046440,59,34481082368.0,79384496.0,10753516544.0,12012498.0,0.0972460076
1824,1,633276820,False,0.378262370824814,5550,2450,5540,0.000186538206608388,4.71931151068058e-05,0.033946014423632,719.300142548473,0.000144120646266766,114046440,31,869296986496.0,2492937940.0,84625307.2684593,117649.507156543,3.0538489765
1825,2,633275867,False,0.168317928910255,8980,4140,5830,3.47069105746109e-07,0.121609017252922,28.2778339385986,232.530746459961,2.68147875595093e-07,114046440,1051,184448.1875,1800.0,50900.1015625,218.896224975586,2.205e-06
1826,1,633276609,False,0.0,0,0,0,0.0,0.0,0.0,0.0,0.0,114046440,335,5664134656.0,24252300.0,0.0,0.0,0.0297090675
1827,2,633275527,False,0.605396211147308,6400,6830,8190,0.00614100222092628,0.0112146120518446,6.94914722442627,619.651184082031,0.0047445787375,114046440,639,79804915712.0,345364192.0,2399986688.0,3873125.5,0.4230711352
1828,1,633276623,False,0.098090261220932,5590,660,4280,2.23935322042846e-05,2.36163778026821e-05,0.0103480294346809,438.171752929688,1.73013903808594e-05,114046440,320,161018609664.0,598041920.0,6188555.5,14123.583984375,0.732601352
1829,2,633275990,False,0.570574522018433,10110,5510,6910,0.000485975733843434,0.0489592552185059,30.3838653564453,620.594909667969,0.00037546805078125,114046440,549009219,1570690048.0,6260400.0,190215152.0,306504.53125,0.00766899
1830,3,633276872,False,0.595255494117737,9080,3820,5940,0.000150541854366759,0.00324284583950247,2.2541805675096,695.124183842005,0.000116309627587891,114046440,35,6669571072.0,29278800.0,65999702.0,94946.634765625,0.03586653
1831,1,633276555,False,0.0,0,0,0,0.0,0.0,0.0,0.0,0.0,114046440,421,24091512832.0,83316600.0,0.0,0.0,0.102062835
1832,3,633276902,False,0.535516142845154,12030,7060,6310,0.00320968160122221,0.00439518449928921,1.97172531684072,448.610363719564,0.00247982113203125,114046440,83,63079284736.0,460582208.0,908141600.0,2024343.78125,0.5642132048
1833,2,633275860,False,0.690654695034027,8310,4430,7790,0.00453810155362502,0.104023188352585,94.2800064086914,906.336486816406,0.00350616713125,114046440,1044,10060163072.0,27514800.0,2594095616.0,2862177.25,0.03370563
1834,3,633276914,True,1.0,6740,5540,7110,0.00501653481576924,0.656204222496684,2111.44586176037,3217.66576528092,0.00387580781875,114046440,102,11932577792.0,4821555.0,10180452352.0,3163924.75,0.005906404875
1835,2,633275539,False,0.3447645008564,7060,6970,8680,0.000313976386714702,0.000365999876521528,0.193199813365936,527.868530273438,0.000242580223046875,114046440,655,109207519232.0,541051200.0,104530992.0,198024.671875,0.66278772
1836,2,633275749,False,0.39607897400856,6230,1130,8330,0.000432808653881638,0.0018300109077245,1.2675518989563,692.647216796875,0.00033439081484375,114046440,182305697,54168899584.0,149164192.0,189073360.0,272972.09375,0.1827261352
1837,1,633276100,False,0.364098727703094,10880,6990,4930,0.000250880148771675,0.00372181343846023,0.949858069419861,255.213775634766,0.000193831654296875,114046440,1069,2281573120.0,42514200.0,40382456.0,158229.921875,0.052079895
1838,1,633276108,False,0.0,0,0,0,0.0,0.0,0.0,0.0,0.0,114046440,1058,101279236096.0,317895296.0,0.0,0.0,0.3894217376
1839,3,633277077,False,0.648078382015228,7380,5620,9170,0.0050342362003603,0.00496020555040535,3.70827802637857,747.605716879117,0.003889484025,114046440,311,182783467520.0,640112384.0,2373714688.0,3175089.0,0.7841376704
1840,2,633275744,False,0.5920649766922,8920,5700,6610,0.00945847563997925,0.0149669228121638,4.23648595809937,283.056579589844,0.0073076805375,114046440,924,20340162560.0,398575808.0,1688560896.0,5965453.5,0.4882553648
1841,1,633276118,False,0.000280510546872392,7370,4550,1670,5.04492346930176e-10,1.19132161913171e-08,6.54677023703698e-06,549.538452148438,3.89774107933044e-10,114046440,1045,5437441024.0,26708400.0,174.853759765625,0.318182945251465,0.03271779
1842,3,633277661,False,0.438663154840469,8110,3620,7830,0.00116553031068052,0.00471879838684042,2.66626100313959,565.029650466767,0.00090049638984375,114046440,1072,39985317888.0,155780992.0,415352784.0,735099.09375,0.1908317152
1843,2,633275901,False,0.701630830764771,10080,6080,6980,0.0682462583303918,0.0407189652323723,19.1577377319336,470.486846923828,0.0527275084,114046440,1093,168131854336.0,1057071616.0,20251101184.0,43042864.0,1.2949127296
1844,3,633277352,False,0.0,0,0,0,0.0,0.0,0.0,0.0,0.0,114046440,692,44253143040.0,151536608.0,0.0,0.0,0.1856323448
1845,2,633275389,False,0.546106815338135,11800,5560,7090,0.00230528635180395,0.00174800236709416,1.08161723613739,618.773315429688,0.001781079409375,114046440,437,137486073856.0,831773696.0,899660736.0,1453942.375,1.0189227776
1846,1,633276060,False,0.136418536305428,11660,5220,3410,1.6717111543917e-05,2.69713200395927e-05,0.00305416248738766,113.237411499023,1.29157504150391e-05,114046440,1123,2491526528.0,390914112.0,1193915.25,10543.4697265625,0.4788697872
1847,3,633277348,False,0.999956846237183,6180,1010,6960,0.7896892544429,0.00254648224529424,2.1481267473723,843.566355642934,0.610119115914742,114046440,688,60803511291503.2,195586056834.0,420143640098.194,498056421.154892,239.59291962165
1848,2,633276647,False,0.587611496448517,7240,990,7070,0.000394711429897469,0.00247660558670759,1.89182710647583,763.878967285156,0.000304956648828125,114046440,312782566,34173546496.0,100518304.0,190163248.0,248944.203125,0.1231349224
1849,2,633275105,False,0.785551071166992,3670,4070,6130,0.00137709953421856,0.00228595160423276,1.55133117382369,678.636927812112,0.00106395616455078,114046440,44,99719632768.0,379944896.0,589420361.5,868535.64453125,0.4654324976
1850,3,633277016,False,0.609151244163513,12290,6760,6570,0.00260574348867258,0.00320508340883866,1.14815743688459,358.230127090706,0.00201321457100372,114046440,235,43095055456.0,512760592.0,588729887.046143,1643440.46612549,0.6281317252
1851,3,633277199,True,0.292375892400742,7210,5690,7100,1.53771057901349e-05,0.235977017360872,694.571106121841,2943.38454604525,1.18804531494141e-05,114046440,470,59023260.0,41098.6171875,28545912.0,9698.3291015625,5.03458060546875e-05
1852,2,633276738,False,0.231496661901474,12820,5140,7390,3.55528846837061e-05,0.000485504657262936,0.159408792853355,328.336303710938,2.74683927246094e-05,114046440,589508451,2597719808.0,46185300.0,7362343.0,22423.177734375,0.0565769925
1853,2,633275112,False,0.975672364234924,7710,5730,6580,0.0108830611279705,0.309119582176208,793.722229003906,2567.6865234375,0.0084083246625,114046440,54,33075054592.0,22204800.0,17624442880.0,6863938.5,0.02720088
1854,2,633275269,False,0.694076240062714,9220,3900,7530,0.00334660180310642,0.0477690473198891,39.8790397644043,834.830139160156,0.00258560658125,114046440,271,14045579264.0,44185500.0,1762075392.0,2110699.25,0.0541272375
1855,1,633276415,False,0.3607277572155,10500,3640,4920,0.000596046676986449,4.12058405137748e-05,0.0234170933565733,568.295490750762,0.000460509585968017,114046440,645,3658684525568.0,9123128856.0,213637160.125,375926.192626953,11.1758328486
1856,1,633276502,False,6.39338977634907e-05,7480,3340,1460,1.10944285668208e-10,5.53160017791043e-10,2.51687822583335e-07,455.000030517578,8.57162853702903e-11,114046440,520,34775912448.0,126495904.0,31.8374786376953,0.0699724778532982,0.1549574824
1857,3,633277147,False,0.696418642997742,11720,5240,6540,0.0777481996922381,0.00686793940603888,5.10382320593881,743.137483340504,0.0600687708403168,114046440,386,1244675802624.0,7139802552.0,36440289950.7188,49035731.2982178,8.7462581262
1858,2,633275493,False,0.128621727228165,8410,2010,9190,1.31322248508762e-05,0.000164814729942009,0.123527370393276,749.492248535156,1.0146043359375e-05,114046440,601,16700565504.0,50253300.0,6207658.0,8282.484375,0.0615602925
1859,1,633276783,False,0.0303046479821205,9230,3100,770,1.01368656936839e-06,2.7040732675232e-06,0.000292235432425514,108.072311401367,7.83180915832519e-07,114046440,97,42803429376.0,236432704.0,69094.015625,639.331359863281,0.2896300624
1860,2,633275290,False,0.626508116722107,6250,5870,8810,0.00588843731016444,0.0107235638424754,10.33034324646,963.331115722656,0.004549445425,114046440,303,124518817792.0,346324512.0,3577650944.0,3713833.0,0.4242475272
1861,1,633276207,False,0.0,0,0,0,0.0,0.0,0.0,0.0,0.0,114046440,944,186090160128.0,474029088.0,0.0,0.0,0.5806856328
1862,1,633276172,False,0.0,0,0,0,0.0,0.0,0.0,0.0,0.0,114046440,974,224251330560.0,547686016.0,0.0,0.0,0.6709153696
1863,1,633276630,False,0.62045955657959,5710,2810,5540,0.00216716326875408,0.00640376657247543,2.84737682342529,444.640930175781,0.00167436460625,114046440,310,31528632320.0,213441296.0,607747776.0,1366828.25,0.2614655876
1864,3,633276861,False,0.587611496448517,7240,990,7070,0.00329355898349619,0.000939443123567129,0.615159607752786,654.813040109318,0.00254462534967804,114046440,22,757538352128.0,2211145232.0,1360207233.60156,2077245.18341064,2.7086529092
1865,3,633277601,False,0.182218626141548,3720,4690,9190,5.82401617246901e-05,8.8812357021172e-05,0.042243623387597,475.650290167691,4.49967322998047e-05,114046440,996,105706942464.0,413591392.0,17471599.0,36732.0263671875,0.5066494552
1866,3,633277268,False,0.611487686634064,8600,3670,5920,0.00695057369947025,0.0527302841289087,41.8707902827697,794.055844273643,0.005370058990625,114046440,587,25597447168.0,83134800.0,3480919776.0,4383721.625,0.10184013
1867,1,633276520,False,0.331291168928146,6250,1790,4040,0.00244635279493803,0.00649283127859235,3.79383826255798,584.311828613281,0.001890068271875,114046440,478,84503183360.0,237633296.0,901542272.0,1542912.875,0.2911007876
1868,2,633275736,False,0.441284000873566,5410,5750,6140,0.000204613643837305,0.0245822947472334,21.9479503631592,892.835754394531,0.000158085848046875,114046440,914,1869296512.0,5249700.0,115220160.0,129049.671875,0.0064308825
1869,3,633277747,False,0.181829482316971,7520,2450,3650,7.18444051832326e-06,7.33926256611105e-06,0.00566599749113624,772.011825452179,5.55074603424072e-06,114046440,10704,166070378496.0,617394624.0,3498156.390625,4531.22125244141,0.7563084144
1870,2,633275382,False,0.312506586313248,5500,4670,6030,0.000202225421561711,0.0340251885354519,18.5031757354736,543.808166503906,0.000156240691796875,114046440,428,783869632.0,3748500.0,69359152.0,127543.421875,0.0045919125
1871,3,633276935,False,0.938809931278229,8590,4310,7240,0.663666023795317,0.0904255655975967,90.469100353063,1000.48144299876,0.5127527384,114046440,128,1522158960640.0,4628930560.0,418775183360.0,418573664.0,5.670439936
1872,2,633275205,False,0.165717855095863,2220,3670,6560,2.91326130680265e-06,2.64356531261001e-05,0.0151023166254163,571.285888671875,2.25080486145019e-06,114046440,188,11520385024.0,69504304.0,1049676.0,1837.39172363281,0.0851427724
1873,2,633275910,False,0.779154539108276,7970,3640,6110,0.12485727908043,0.0841268127701052,90.3142713617838,1073.5491859009,0.096465555659375,114046440,1100,392180914176.0,936055816.0,84539198976.0,78747392.375,1.1466683746
1874,1,633276180,False,0.0523137710988522,5920,6500,2700,8.64808030371761e-07,1.2460652669688e-06,0.000846958893816918,679.706726074219,6.68156376647949e-07,114046440,966,112481132544.0,437724896.0,370735.0,545.433776855469,0.5362129976
1875,1,633276090,False,0.0871692597866058,9380,4010,3150,4.89072162191073e-06,7.47756621422013e-06,0.000953634269535542,127.53271484375,3.77860371704101e-06,114046440,1084,121806626816.0,412510496.0,393384.15625,3084.57446289062,0.5053253576
1876,1,633276618,False,0.601764917373657,9470,4340,5190,0.0067686040445968,0.0110776191577315,4.31783533096313,389.780090332031,0.0052294680375,114046440,326,21618420864.0,385367424.0,1663953024.0,4268953.5,0.4720750944
1877,3,633277432,False,1.0,7050,3080,6370,0.0440072573640651,0.114206100920814,328.03170761494,2872.27831937267,0.03400029670625,114046440,802,132167911808.0,243028560.0,79721073536.0,27755344.25,0.297709986
1878,3,633277498,False,0.707564771175385,4230,3380,8120,0.0099486376252279,0.0381935534898044,28.3834987344859,743.148938526047,0.00768638291367187,114046440,882,39224572416.0,164284224.0,4662961064.0,6274598.296875,0.2012481744
1879,2,633275638,False,0.697571396827698,8420,4890,6650,0.0368635309398201,0.0750977828199282,61.0819839204292,813.366009312066,0.0284810066490845,114046440,792,63730775616.0,309593712.0,18910598138.25,23249801.3461914,0.3792522972
1880,1,633276797,False,0.016764834523201,1820,2590,4790,9.54066270186696e-07,5.21275251230691e-06,0.000242069436353631,46.4379272460938,7.37117880249023e-07,114046440,68,23638863872.0,115434000.0,27943.04296875,601.728881835938,0.14140665
1881,2,633275531,False,0.448944836854935,10550,3650,6520,0.00132335674584864,9.14861689825458e-05,0.067615060276508,739.074124848401,0.00102243413250771,114046440,645,3709566556160.0,9123128856.0,616860907.508789,834640.108169556,11.1758328486
1882,2,633275133,False,0.0924800783395767,11600,3960,7300,3.15250024229766e-06,5.13842633154127e-06,0.00246174610219896,479.085601806641,2.43564243774414e-06,114046440,91,103207018496.0,386943296.0,952556.125,1988.27954101562,0.4740055376
1883,2,633276009,False,0.437385648488998,8920,5480,5930,0.000325997890014707,0.0143104363232851,11.7377815246582,820.225219726562,0.000251868115625,114046440,607344850,5326883840.0,14367600.0,168643744.0,205606.625,0.01760031
1884,2,633275607,False,0.549152910709381,3450,3830,6610,0.000473328476513842,0.000373368198393905,0.273064211857867,731.353695982921,0.000365696696520996,114046440,746,258278404224.0,799553676.0,218329494.375,298527.915527344,0.9794532531
1885,2,633275499,False,0.693925619125366,7510,4280,5810,0.0207690638335852,0.219478249549866,356.452789306641,1624.09167480469,0.016046315425,114046440,609,55200657408.0,59682600.0,21274030080.0,13099033.0,0.073111185
1886,1,633276282,False,0.0,0,0,0,0.0,0.0,0.0,0.0,0.0,114046440,846,42968358912.0,150742800.0,0.0,0.0,0.18465993
1887,2,633275886,False,0.875766098499298,6670,5420,6260,0.0209659421394327,0.194245308637619,302.533843994141,1557.4833984375,0.0161984249,114046440,1077,57251771156.0,68074768.0,20594921472.0,13223204.0,0.0833915908
1888,3,633277473,False,0.57405960559845,8350,2780,5930,0.00993679196841869,0.00532644501623898,3.24526653448626,609.274389314498,0.00767723088125,114046440,848,48668421870.0,1176606016.0,3818400128.0,6267127.25,1.4413423696
1889,1,633276514,False,0.580109775066376,7780,5950,5470,0.00549971527742559,0.0142707530542053,11.3688158228268,796.651429650845,0.00424911622384033,114046440,491,55151266816.0,243061196.0,2763317971.0,3468666.30517578,0.2977499651
1890,1,633276276,False,0.442516505718231,11210,5780,4400,0.00429730889404374,0.00270011299289763,1.25790238380432,465.870300292969,0.0033201291375,114046440,852,130447310848.0,1003776320.0,1262652672.0,2710309.5,1.229625992
1891,2,633275200,False,0.360940188169479,4860,4570,10000,5.41092138302459e-05,0.000188673599041067,0.148898303508759,789.184631347656,4.1805134765625e-05,114046440,180,58123436032.0,180876608.0,26932220.0,34126.640625,0.2215738448
1892,2,633275225,False,0.72434002161026,8260,4600,6710,0.0599984984142882,0.106746330857277,86.7053985595703,812.256469726562,0.0463552348,114046440,214,114012372992.0,354494688.0,30736603136.0,37841008.0,0.4342559928
1893,1,633276306,False,0.240239500999451,3960,3900,5290,5.73708156810286e-05,0.000159312665346079,0.0906448215246201,568.974365234375,4.43250698242187e-05,114046440,814,61135134720.0,227124000.0,20587614.0,36183.73046875,0.2782269
1894,3,633277054,False,0.36539414525032,6950,1250,6700,0.000125235544143974,0.0025540475547015,1.31699991188587,515.652071341245,9.67578057373047e-05,114046440,279,6483197696.0,30925800.0,40729275.875,78985.9638671875,0.037884105
1895,1,633276825,False,0.744516849517822,9110,2110,5270,0.00614198367127555,0.00720465322956443,5.7996039390564,804.980285644531,0.0047453370125,114046440,26,190501339136.0,537672576.0,3118287872.0,3873744.5,0.6586489056
1896,3,633276851,False,1.0,7300,3070,5140,9.76904818044171,0.0153971828785404,18.5672949723228,1205.88909794665,7.54763092652743,114046440,8,123841165190423.0,400159653697.5,7429882326224.02,6161331368.59382,490.195575779437
1897,3,633277159,False,0.262790739536285,3400,4440,6900,7.7814915001441e-05,8.77848573992409e-05,0.0730651253351857,832.320373921545,6.01203155273437e-05,114046440,412,199654367232.0,559069184.0,40848460.0,49077.80859375,0.6848597504
1898,2,633275254,False,0.075402595102787,8600,2800,9850,9.61774921836462e-06,0.000169804916367866,0.116010442376137,683.198364257812,7.43073635253906e-06,114046440,249,12033720320.0,35722800.0,4144217.75,6065.9072265625,0.04376043
1899,2,633276704,False,0.0,0,0,0,0.0,0.0,0.0,0.0,0.0,114046440,312782640,10100014080.0,27284400.0,0.0,0.0,0.03342339
1900,3,633277204,False,0.985013723373413,6200,1400,7070,0.0475658895046532,0.0655004085924861,76.2263564688016,1163.7539079038,0.036749719321875,114046440,478,209519575040.0,458008912.0,34912350592.0,29999770.875,0.5610609172
1901,3,633277220,False,0.965623438358307,6110,1850,7060,0.00476832761788948,0.0689302886516233,56.409063944313,818.349452000802,0.00368404130390625,114046440,510,13525772800.0,43629306.0,2461088312.0,3007380.65625,0.05344589985
1902,3,633277768,False,0.366165697574615,8700,5680,5590,0.000224228343785793,0.00229493287307499,1.46976589909612,640.439603414967,0.000173240294335937,114046440,607344838,20987350016.0,61623000.0,90571384.0,141420.6484375,0.075488175
1903,1,633276531,False,0.0,0,0,0,0.0,0.0,0.0,0.0,0.0,114046440,456,1917649664.0,7937100.0,0.0,0.0,0.0097229475
1904,1,633276577,False,0.604683697223663,12100,7020,5680,0.0036071229128704,0.0226163890951694,10.3733967981295,458.667241462746,0.00278688690546875,114046440,379,11385330560.0,100591200.0,1043472432.0,2275009.71875,0.12322422
1905,2,633275752,False,0.697571396827698,8420,4890,6650,0.0368635309398201,0.0750977828199282,61.0819839204292,813.366009312066,0.0284810066490845,114046440,932,63730775616.0,309593712.0,18910598138.25,23249801.3461914,0.3792522972
1906,2,633275156,False,0.103715412318707,9280,2320,8930,9.88193237217656e-06,0.000362187769496813,0.190082311630249,524.817016601562,7.63484599609375e-06,114046440,121,4283671040.0,17208000.0,3270936.5,6232.52734375,0.0210798
1907,3,633277283,False,0.272601127624512,11140,5820,8470,0.000215720332703055,9.27843286960857e-05,0.0626581208402876,675.309308380339,0.000166666948971558,114046440,607,251546415104.0,1466353792.0,91878973.09375,136054.65222168,1.7962833952
1908,3,633277314,False,0.448944836854935,10550,3650,6520,0.00191940342283509,6.63460047481603e-05,0.0455160768165406,686.040960406176,0.00148294371847572,114046440,645,7368251081728.0,18246257712.0,830498067.633789,1210566.30079651,22.3516656972
1909,3,633277650,False,0.107595697045326,10720,3960,9310,1.49884847048451e-05,1.84474710406078e-06,0.000473449788223648,256.647530266593,1.1580201940918e-05,114046440,1056,1901593559040.0,5124402176.0,2426147.125,9453.22607421875,6.2773926656
1910,3,633277296,False,0.306795746088028,7060,1220,6340,3.88859489454623e-05,0.000564189990043421,0.298967891649413,529.90640905629,3.00435401123047e-05,114046440,622,10438949888.0,43470000.0,12996134.25,24525.3388671875,0.05325075
1911,2,633275242,False,0.503990232944489,7990,3780,10560,2.59089771230672e-05,0.000116082926979288,0.0875382721424103,754.101196289062,2.00174462646484e-05,114046440,234,48243048448.0,140768096.0,12322596.0,16340.7724609375,0.1724409176
1912,2,633275658,True,0.0492482073605061,6500,5600,7360,2.84093465750611e-07,0.182511467098514,507.691038336149,2781.6939198791,2.19492481613159e-07,114046440,818,1079905.75,981.733032226562,498417.0625,179.177536010742,1.20262296447754e-06
1913,3,633277133,False,0.592070162296295,7020,5110,6140,0.0225568410483837,0.0516012292602458,46.3527634434811,898.287969259519,0.01742756386875,114046440,366,104663085056.0,275702400.0,12779568128.0,14226582.75,0.33773544
1914,3,633277694,False,0.21805140376091,6000,4600,10320,2.29745785909184e-05,2.98253012825028e-05,0.0213443022828912,715.644146582786,1.77503106437653e-05,114046440,1106,146628599808.0,485830784.0,10369719.11203,14490.0495051146,0.5951427104
1915,2,633275600,False,0.669633030891418,6950,3840,8100,0.0121060354679615,0.010316576808691,7.48956823348999,725.974182128906,0.0093532026875,114046440,733,205528629248.0,740097024.0,5543007232.0,7635267.5,0.9066188544
1916,3,633277279,False,0.128621727228165,8410,2010,9190,1.31322248508762e-05,8.24073680235925e-05,0.0617636851709241,749.492268133618,1.0146043359375e-05,114046440,601,31426145280.0,100506600.0,6207658.0,8282.484375,0.123120585
1917,1,633276469,False,0.184003725647926,10640,6320,4550,2.40795267054253e-05,0.00599658023566008,3.37910771369934,563.505798339844,1.86040008300781e-05,114046440,576,510406784.0,2532600.0,8557928.0,15186.939453125,0.003102435
1918,3,633277639,False,0.124618284404278,10740,5520,1430,2.50112794559765e-05,3.05932964691538e-06,0.000789967402918639,258.21584925153,1.93238791381836e-05,114046440,1041,1016375738368.0,5156226048.0,4073250.5,15774.5952148438,6.3163769088
1919,3,633277119,False,0.50457489490509,10570,4540,6620,0.00185916662891575,0.0487342377164327,37.6677382941406,772.921462593011,0.001436404375,114046440,350,6970484736.0,24060600.0,906308384.0,1172575.0,0.029474235
1920,2,633275696,False,0.432753801345825,12460,4980,6420,0.000494295715583079,0.0248237811028957,16.5905303955078,668.332092285156,0.0003818961234375,114046440,859,3433682176.0,12558600.0,208353824.0,311751.9375,0.015384285
1921,1,633275948,False,0.0045386808924377,9790,3050,3180,5.34715829470762e-08,2.29441226906602e-07,0.00010132187162526,441.602722167969,4.13124969482422e-08,114046440,484682508,43190419456.0,146985296.0,14892.8251953125,33.7244873046875,0.1800569876
1922,1,633275528,False,0.0809858962893486,8190,3650,3210,6.14311341932754e-06,4.15327449445613e-05,0.0194038227200508,467.193328857422,4.74620986328125e-06,114046440,496345664,27290146816.0,93286800.0,1810120.5,3874.45703125,0.11427633
1923,3,633276991,False,0.626204550266266,9800,6140,5730,0.00736983969615205,0.0441676679608661,21.3562176687686,483.526041893151,0.005693986659375,114046440,206,18014385152.0,105238800.0,2247502720.0,4648152.375,0.12891753
1924,3,633277281,False,0.688948154449463,10680,5020,5850,0.00606975263177292,0.0393009582216884,26.9526981839088,685.802570814541,0.0046895308359375,114046440,604,27188000768.0,97407000.0,2625381472.0,3828188.4375,0.119323575
1925,1,633276511,False,0.0,0,0,0,0.0,0.0,0.0,0.0,0.0,114046440,501,14709398528.0,44468100.0,0.0,0.0,0.0544734225
1926,2,633275992,False,0.49720698595047,10380,5310,7570,0.000994376874854694,0.0313156731426716,16.0568943023682,512.743041992188,0.00076826211875,114046440,549009227,4077087232.0,20026800.0,321568192.0,627152.75,0.02453283
1927,2,633275913,False,0.999304115772247,5840,4620,6660,0.00969942566458019,0.0817198902368546,250.356994628906,3063.59912109375,0.0074938401125,114046440,1104,44240252928.0,74858400.0,18741323776.0,6117420.5,0.09170154
1928,3,633276951,False,0.132870048284531,4510,4370,9470,1.50706921031639e-05,7.20261445569726e-05,0.0538174505747649,747.193271357116,1.16437159179687e-05,114046440,148,48265054208.0,131967000.0,7102127.5,9505.07421875,0.161659575
1929,1,633276614,False,0.0,0,0,0,0.0,0.0,0.0,0.0,0.0,114046440,330,2828947968.0,13954500.0,0.0,0.0,0.0170942625
1930,3,633277125,False,0.999940752983093,7070,5560,7040,0.00108302991539283,0.109181796258208,199.40281519494,1826.33755835418,0.00083675604140625,114046440,356,2814248960.0,6256227.5,1247509376.0,683066.15625,0.0076638786875
1931,3,633277652,False,0.308428168296814,6420,4160,9940,5.35488053339737e-05,5.31199923861881e-05,0.0406433538418889,765.123487714518,4.13721594726562e-05,114046440,1058,214887022592.0,635790592.0,25840662.0,33773.19140625,0.7788434752
1932,2,633275355,False,0.608535885810852,6390,4150,9940,0.00523461580357279,0.000813535627409497,0.552299270471504,678.88762564728,0.00404429862539062,114046440,378,1419246385152.0,4058172936.0,2241325952.0,3301468.265625,4.9712618466
1933,2,633275524,True,1.0,6630,5180,6790,0.0867203492100966,0.764270446213252,2902.96404603987,3798.34659370024,0.0670007126147461,114046440,637,228202153009.0,71564273.5478516,207748513090.375,54694459.2773438,0.0876662350961182
1934,1,633275984,False,0.339035302400589,9030,5000,5690,0.000136831510642025,0.00763807306066155,5.08973550796509,666.363830566406,0.00010571692578125,114046440,607344842,3122147328.0,11298600.0,57506888.0,86299.53125,0.013840785
1935,1,633276495,False,0.34957230091095,8120,2370,5450,0.000110766987846538,0.00354539835825562,3.90218734741211,1100.63439941406,8.557930390625e-05,114046440,531,6550496256.0,19704600.0,76891040.0,69860.65625,0.024138135
1936,1,633276679,False,0.218287602066994,12770,5350,5240,8.69883145932606e-05,0.0130926556885242,6.00687742233276,458.797485351562,6.72077444335937e-05,114046440,237,674835520.0,4190400.0,25171220.0,54863.46484375,0.00513324
1937,1,633276309,False,0.0908689796924591,4040,3100,5000,6.94355807356888e-06,2.67803661699872e-05,0.0155339781194925,580.050964355469,5.364638671875e-06,114046440,810,47925329920.0,163526400.0,2540215.5,4379.296875,0.20031984
1938,3,633277538,False,0.697571396827698,8420,4890,6650,0.0416721857718566,0.0424469479312154,32.3064543802007,761.101939120636,0.0321962050240845,114046440,932,83568668392.0,619187424.0,20003750266.25,26282616.3461914,0.7585045944
1939,2,633275786,False,0.691835105419159,6470,6470,8880,0.00318204119856209,0.00458486843854189,2.84550333023071,620.629211425781,0.002458465975,114046440,966,101600681984.0,437724896.0,1245547648.0,2006911.0,0.5362129976
1940,2,633275724,False,0.357310950756073,13050,5230,7580,0.000129913346174007,7.65818553835529e-05,0.0135058853822494,176.358816518698,0.000100371906376171,114046440,901,3719422056.0,1069917276.0,14450180.0981445,81936.2501029968,1.3106486631
1941,2,633275174,False,0.484192132949829,12320,6660,6980,0.000761411935844842,0.0487733036279678,33.146053314209,679.594177246094,0.0005882718734375,114046440,143,2247762944.0,9846000.0,326356032.0,480221.9375,0.01206135
1942,3,633276944,False,0.481530696153641,8250,3380,5700,0.00124498582166319,0.00215285488952936,1.3279415151575,616.828157632027,0.000961884240625,114046440,140,15246519296.0,364730400.0,484340640.0,785211.625,0.44679474
1943,1,633275981,False,0.427611619234085,8700,5510,5420,0.000136803119534889,0.00600529136136174,5.44804716110229,907.207763671875,0.000105694990625,114046440,607344850,4200267008.0,14367600.0,78275360.0,86281.625,0.01760031
1944,2,633275887,False,0.425889998674393,7890,3720,7790,0.000852167553400924,0.00432043662294745,2.20907211303711,511.3076171875,0.0006583902609375,114046440,1079,29578887168.0,124399800.0,274808128.0,537461.4375,0.152389755
1945,2,633275511,False,0.306795746088028,7060,1220,6340,3.57390155186057e-05,0.00103706330992281,0.555346429347992,535.499084472656,2.76121986328125e-05,114046440,622,5196707328.0,21735000.0,12070455.0,22540.5703125,0.026625375
1946,3,633277049,False,0.694076240062714,9220,3900,7530,0.00345545011200505,0.0246613685131435,20.6121604598794,835.807649883419,0.00266970350117187,114046440,271,27370749952.0,88371000.0,1821517232.0,2179349.796875,0.108254475
1947,3,633277727,False,0.614900171756744,5580,2340,7540,0.0219472446864848,0.014331514814342,8.72961155921326,609.119948051637,0.0169565857070312,114046440,484682512,162638798848.0,965851200.0,8431505800.0,13842110.78125,1.18316772
1948,1,633276810,False,0.378262370824814,5550,2450,5540,0.00016573308860344,9.64422485466875e-05,0.0703075813546141,729.012257740738,0.000128046475151653,114046440,48,379761832448.0,1083837596.0,76201999.9559593,104527.734817676,1.3277010551
1949,1,633276811,False,0.629470646381378,8570,4310,5610,0.00525392454350983,0.0282784752011024,14.642102217887,517.782593076877,0.00405921668496094,114046440,46,16552588928.0,117179100.0,1715748360.0,3313646.2734375,0.1435443975
1950,2,633275354,False,0.321298509836197,9780,2420,8980,4.22203819756907e-05,0.0005516167730093,0.328934878110886,596.310485839844,3.26197450195312e-05,114046440,377,15241139200.0,48273300.0,15878772.0,26628.36328125,0.0591347925
1951,2,633275796,False,0.448944836854935,10550,3650,6520,0.00100561271743866,0.00105522398371249,0.826028168201447,782.798889160156,0.0007769430046875,114046440,976,211507986432.0,601046976.0,496481728.0,634239.1875,0.7362825456
1952,2,633275829,False,0.0841936767101288,10270,4260,8660,4.86744597726454e-06,1.19767037176643e-06,0.000312419753754511,260.856201171875,3.76062080078125e-06,114046440,1007,989033791488.0,2563221504.0,800801.0625,3069.89453125,3.1399463424
1953,2,633275647,True,1.0,6840,5850,7200,0.0204830796663827,0.663002669811249,2458.7197265625,3708.46118164062,0.015825362175,114046440,803,54585131008.0,19485084.0,47908360192.0,12918663.0,0.0238692279
1954,2,633275126,False,0.399871528148651,8530,3090,7550,0.000277101565879104,0.0339130945503712,16.4463291168213,484.955108642578,0.00021409049375,114046440,75,644452736.0,5153400.0,84754512.0,174767.75,0.006312915
1955,1,633276220,False,0.665000796318054,7370,3450,5210,0.010747620187,0.0309949684888124,23.861629486084,769.854919433594,0.0083036821,114046440,930,55843897344.0,218697296.0,5218473984.0,6778516.0,0.2679041876
1956,3,633277431,True,1.0,6230,5430,6840,0.000843363238201862,0.884396509691169,3017.91468512691,3412.40004009148,0.0006515879890625,114046440,802,1919262336.0,601436.75,1815084800.0,531908.5625,0.00073676001875
1957,2,633275930,False,0.422382444143295,7980,3780,10560,0.000109322286788434,0.000218389322981238,0.146027013659477,668.654602050781,8.4463118359375e-05,114046440,1127,84949860352.0,315718208.0,46103388.0,68949.484375,0.3867548048
1958,3,633277297,True,1.0,6840,5850,7200,0.0204830803100372,0.663002706660751,2458.71965721668,3708.46096481288,0.0158253626722918,114046440,623,54585129631.2188,19485083.9614487,47908358958.5312,12918663.4059525,0.0238692278527746
1959,1,633276471,False,0.568090081214905,9000,5770,5530,0.00140000661782466,0.0028451313264668,1.26287627220154,443.872741699219,0.001081654328125,114046440,574,38455222272.0,310348800.0,391932128.0,882983.125,0.38017728
1960,3,633277516,False,0.600022912025452,6480,4230,5120,0.0114517929752586,0.0337032677899476,27.2986492257612,809.97039800109,0.00884773063125,114046440,907,62229315584.0,214300800.0,5850122368.0,7222637.25,0.26251848
1961,2,633275115,False,0.656663596630096,6520,3790,5790,0.0225045661329508,0.178795784711838,198.048248291016,1107.67858886719,0.017387175925,114046440,59,44625784832.0,79384496.0,15721960448.0,14193613.0,0.0972460076
1962,2,633276642,False,0.121029518544674,6900,750,7220,2.06119701026045e-05,0.000186620076419786,0.130150958895683,697.411376953125,1.59249437744141e-05,114046440,312782558,27572408320.0,69660000.0,9066316.0,12999.9541015625,0.0853335
1963,1,633276550,False,0.289758533239365,5530,4980,5500,5.6195861108321e-05,0.00945516582578421,5.30739831924438,561.322631835938,4.34172921875e-05,114046440,428,721191168.0,3748500.0,19894782.0,35442.6875,0.0045919125
1964,2,633275455,True,1.0,6400,5300,6890,0.100525174111008,0.732109010219574,2743.8046875,3747.80883789062,0.0776664112,114046440,549,264481964032.0,86600696.0,237615398912.0,63401152.0,0.1060858526
1965,1,633276646,False,0.458010613918304,6060,7020,5530,0.000317526712003818,0.00676585361361504,3.62793231010437,536.212036132812,0.000245323227734375,114046440,286,5199882752.0,29599200.0,107383896.0,200263.859375,0.03625902
1966,2,633275140,False,0.272601127624512,11140,5820,8470,0.00018139235664132,0.00024996034335345,0.181186243891716,724.859985351562,0.000140144928710937,114046440,101,53523001344.0,457688704.0,82926896.0,114404.0234375,0.5606686624
1967,3,633277074,False,0.357864767313004,8330,1250,7530,0.000106566417017303,0.000454054721742573,0.398774637763402,878.252375028682,8.2333915234375e-05,114046440,305,35373604864.0,148024800.0,59028536.0,67211.359375,0.18133038
1968,3,633277557,False,0.0,0,0,0,0.0,0.0,0.0,0.0,0.0,114046440,951,529883430912.0,1123216256.0,0.0,0.0,1.3759399136
1969,1,633276150,False,0.709669530391693,7570,3280,1460,5.39711017623758e-05,3.51994174710919e-05,0.038873540475548,1104.38022184525,4.16984284729004e-05,114046440,1002,310981002752.0,967048204.0,37592587.5,34039.5334472656,1.1846340499
1970,3,633276859,False,0.696230053901672,9380,4700,10420,0.000207467399376705,9.06176268469253e-05,0.099947529189013,1102.95902316939,0.000160290678360748,114046440,20,317915774976.0,1443974400.0,144321673.492188,130849.533355713,1.76886864
1971,2,633275705,False,0.295807540416718,5960,3580,10500,0.00258234253155018,0.00292334798723459,1.82129383087158,623.016418457031,0.0019951348375,114046440,873,136829722624.0,557128832.0,1014695296.0,1628681.5,0.6824828192
1972,2,633275421,False,0.754680037498474,4320,5140,7050,0.193579719401859,0.0104275645540111,7.88169350613913,755.851806557007,0.1495609654,114046440,485,3651180167168.0,11708446720.0,92282388480.0,122090584.0,14.342847232
1973,3,633277698,True,0.0271088797599077,6250,1110,6900,1.57481426424731e-07,0.928369168989399,2637.78435966403,2841.30973730576,1.21671186637878e-07,114046440,1111,291960.8125,106.98698425293,282208.59375,99.3234176635742,1.31059055709839e-07
1974,2,633275122,False,0.215913191437721,1940,2330,6670,0.000187753339601593,0.00102583202533424,0.462069869041443,450.434234619141,0.000145059466015625,114046440,68,20845897728.0,115434000.0,53338572.0,118415.890625,0.14140665
1975,1,633275233,False,0.0,0,0,0,0.0,0.0,0.0,0.0,0.0,114046440,312782624,2865859072.0,12833100.0,0.0,0.0,0.0157205475
1976,1,633275994,False,0.403843820095062,8340,4040,3960,0.0006032832300934,0.00411472097039223,2.35750770568848,572.944763183594,0.00046610059453125,114046440,1029,18636636160.0,92470496.0,217999904.0,380490.28125,0.1132763576
1977,1,633276127,False,0.440725177526474,6250,5280,3600,0.000298715027021408,0.000988401705399156,0.668123364448547,675.963439941406,0.00023078919609375,114046440,1031,17394714624.0,190610096.0,127351064.0,188399.34375,0.2334973676
1978,3,633276895,False,0.215913191437721,1940,2330,6670,0.000188707405871779,0.000515522374286761,0.231155963767039,448.391719344576,0.000145796583895874,114046440,68,44484761600.0,230868000.0,53366515.0429688,119017.619506836,0.2828133
1979,3,633277221,False,0.539224028587341,10250,3860,7450,0.00491193424756719,6.39304842487992e-05,0.0400738646511624,626.834993071635,0.00379499273125,114046440,512,16721983740160.0,48458153984.0,1941905504.0,3097953.25,59.3612386304
1980,2,633275746,False,0.307021588087082,9160,6000,9200,0.000406152634203696,0.000113422492366203,0.069500853236276,612.760765403401,0.000313796198583984,114046440,926,587963039744.0,2258460000.0,156964897.0,256160.162109375,2.7666135
1981,1,633276480,False,0.414430618286133,7730,6520,4700,0.00108115893895522,0.0105590107684666,5.03148789227391,476.511294722789,0.000835310512695312,114046440,557,10882166784.0,64578600.0,324926444.0,681886.1328125,0.079108785
1982,3,633277429,False,0.281440049409866,10470,6060,7270,0.000424839790674362,0.00275506589525059,0.929584076219619,337.409017266016,0.000328234018676758,114046440,798,3565476480.0,97255800.0,90407443.0,267946.137695312,0.119138355
1983,3,633277554,False,0.746926069259644,9820,3530,7550,0.0118620902744607,0.00589104674867723,1.81903818689812,308.780131019426,0.00916472902529297,114046440,948,115020477824.0,1269963008.0,2310111207.5,7481411.44921875,1.5557046848
1984,3,633277011,False,0.604683697223663,12100,7020,5680,0.000831420937667573,0.00874651912510884,2.46556553010211,281.891058012342,0.0006423612890625,114046440,230,2493635200.0,59952600.0,147817064.0,524376.5625,0.073441935
1985,1,633275255,False,0.0,0,0,0,0.0,0.0,0.0,0.0,0.0,114046440,312782598,1574759424.0,7261200.0,0.0,0.0,0.00889497
1986,2,633275932,False,0.999956846237183,6180,1010,6960,0.0342040425322785,0.0900094583630562,130.175140380859,1446.23852539062,0.0264262684,114046440,1128,141035556864.0,239668864.0,31198928896.0,21572464.0,0.2935943584
1987,1,633276242,False,0.0,0,0,0,0.0,0.0,0.0,0.0,0.0,114046440,905,28954867712.0,89691296.0,0.0,0.0,0.1098718376
1988,2,633275831,True,1.0,6230,1750,6910,0.0140617195731882,0.601507842540741,2124.83422851562,3532.51293945312,0.0108641771,114046440,1009,36721627136.0,14744140.0,31328854016.0,8868716.0,0.0180615715
1989,2,633275623,False,0.899682700634003,8970,5090,6690,0.58011527923396,0.0486600175499916,35.2081909179688,723.554809570312,0.4482008832,114046440,771,1621770613120.0,7519073792.0,264732983296.0,365878272.0,9.2108653952
1990,1,633276377,False,0.574465751647949,8190,5020,4900,0.00480865483203644,0.0101244580000639,3.64927411079407,360.44140625,0.003715198375,114046440,697,19725524992.0,299553312.0,1093152128.0,3032815.0,0.3669528072
1991,3,633277332,False,0.617538750171661,7650,700,7700,0.00114091043244095,5.93635498625619e-05,0.046188425745974,778.060372954602,0.000881474909861661,114046440,669,4081667094400.0,12121434056.0,559869956.830276,719571.354989111,14.8487567186
1992,1,633276369,False,0.160557627677917,3720,3660,5590,5.7659968020795e-06,5.34297396370675e-05,0.0230535250157118,431.4736328125,4.45484708251953e-06,114046440,707,16822674432.0,68063400.0,1569101.25,3636.60986328125,0.083377665
1993,3,633277256,False,0.850746393203735,7040,3480,5980,0.209336341099343,0.123685631171673,122.643383253631,991.573411493562,0.1617346350375,114046440,571,481849409536.0,1067450376.0,130915725568.0,132028273.5,1.3076267106
1994,1,633276837,False,0.540867328643799,9060,2610,3950,0.0105635372031535,0.0072664231993258,6.48549365997314,892.528991699219,0.008161458375,114046440,10,368022880256.0,916876800.0,5946398720.0,6662415.0,1.12317408
1995,1,633276624,False,0.113845698535442,6510,6680,3290,2.3524543347767e-05,2.21998263187825e-05,0.0166272259180025,748.980000079313,1.81752170349121e-05,114046440,319,196109565952.0,668334592.0,11112550.25,14836.9118652344,0.8187098752
1996,2,633275774,False,0.143006727099419,7620,3240,9930,1.49616721717569e-05,7.0430149207823e-05,0.0397857874631882,564.897155761719,1.15594864013672e-05,114046440,954,43748376576.0,133981200.0,5330547.5,9436.3154296875,0.16412697
1997,3,633277730,False,0.700686991214752,2400,2800,6570,0.00061346525624348,0.00115694515466115,0.838716547118402,724.940628118234,0.000473967294955444,114046440,526157192,113077080064.0,334425600.0,280488284.5,386912.077514648,0.40967136
1998,1,633276608,False,0.445585906505585,8430,2760,5510,0.00109127408841709,0.0548475719988346,33.7287406921387,614.9541015625,0.00084312554375,114046440,336,3658772736.0,12548700.0,423251840.0,688265.75,0.0153721575
1999,2,633275323,True,0.0154250031337142,6550,5860,7490,8.59814188342171e-08,1.0,4306.4775390625,4306.4775390625,6.64298101425171e-08,114046440,342,233533.46875,54.2284164428711,233533.46875,54.2284164428711,6.64298101425171e-08
2000,1,633276366,False,0.679857730865479,2860,3460,4080,9.95469054955849e-05,2.36303756571796e-05,0.0255486762293474,1081.17943616292,7.69105944285154e-05,114046440,714,820409018512.0,2656925968.0,67880941.3217773,62784.1587171555,3.2547343108
2001,2,633275871,False,0.741956293582916,5470,4750,9530,0.000760261204138628,0.000602577945135095,0.379536970609811,629.855396590595,0.000587382810546875,114046440,1057,243531931904.0,795741324.0,302013251.5,479496.171875,0.9747831219
2002,1,633276597,False,0.328325510025024,10610,4770,4810,0.000267878667655473,0.0140437791123986,7.15294933319092,509.332244873047,0.000206964821875,114046440,350,2571448320.0,12030300.0,86052128.0,168950.875,0.0147371175
2003,2,633275618,False,0.182347699999809,5070,6100,5720,1.18223134229165e-05,0.00191246648319066,0.831818222999573,434.945281982422,9.13399716796875e-06,114046440,763,311616128.0,3898800.0,3243093.0,7456.32421875,0.00477603
2004,1,633276165,False,0.163214609026909,6720,2190,5550,9.21396220936968e-05,0.00209368742071092,1.39293801784515,665.3037109375,7.1187678515625e-05,114046440,982,6585473536.0,27756000.0,38662388.0,58112.390625,0.0340011
2005,2,633275360,False,0.357864767313004,8330,1250,7530,0.000423515159565993,8.39084067320164e-05,0.0724439691580049,863.369619082076,0.000327210599963379,114046440,385,1148318101504.0,3183360336.0,230615258.0,267110.693847656,3.8996164116
2006,1,633276513,False,0.495270818471909,3600,5650,4920,0.00035876652311043,5.81070621647098e-05,0.0415747838672166,715.485903406526,0.000277185377246094,114046440,493,1156930498560.0,3894083936.0,161895698.0,226273.77734375,4.7702528216
2007,3,633277457,False,0.555156946182251,3520,3440,7250,0.000103005977125303,0.00149505434743426,0.816073840204999,545.848946297841,7.95830959381103e-05,114046440,831,9343089152.0,43453800.0,35461509.4375,64965.7926025391,0.053230905
2008,2,633275532,False,0.3447645008564,7060,6970,8680,0.000647075175048541,0.000363101838882264,0.216437791855315,596.080131462774,0.000499934539453125,114046440,647,243705503744.0,1123954176.0,243266160.0,408109.828125,1.3768438656
2009,3,633277286,False,0.444298624992371,8650,500,6350,7.34289912050223e-05,4.26681359668969e-05,0.0294396926029906,689.969035109262,5.67317219329834e-05,114046440,610,381645733888.0,1085390976.0,31953576.6875,46311.6097412109,1.3296039456
2010,3,633276923,False,0.56183260679245,9990,6020,7150,0.0018121493575711,0.00376277047257906,1.86877541543058,496.6487935018,0.00140007852167969,114046440,114,44517550080.0,303744608.0,567630456.0,1142921.2421875,0.3720871448
2011,3,633277561,False,0.972338259220123,4230,3910,5980,0.0170392791614256,0.00691695179213814,4.48587886245209,648.534064897022,0.0131646592369141,114046440,956,227817439232.0,1553670016.0,6969575484.0,10746660.6015625,1.9032457696
2012,3,633276954,False,0.267055600881577,11100,4100,4630,5.42377000028672e-05,0.000446392428662565,0.19251327784694,431.264657475774,4.19044040283203e-05,114046440,589508455,8341484800.0,76631400.0,14752562.0,34207.6767578125,0.093873465
2013,3,633277759,False,0.693072080612183,5480,6440,7430,0.0194720412745904,0.0374593941684642,24.6093378578313,656.960380810137,0.0150442272585937,114046440,298,76646236160.0,327848384.0,8068131648.0,12281001.84375,0.4016142704
2014,3,633277245,False,0.600232362747192,6660,5560,8520,0.00336087894084912,0.00906993599084327,6.60742974571295,728.497946665071,0.0025966371918457,114046440,551,69586538496.0,233706592.0,1544199887.75,2119703.83007812,0.2862905752
2015,3,633277247,False,0.210177198052406,3580,3990,5850,2.50428093241856e-05,0.000124502847847725,0.0560607885715322,450.277158640564,1.93482393218994e-05,114046440,556,31824850944.0,126860400.0,7111894.0625,15794.4810791016,0.15540399
2016,2,633275416,True,1.0,6080,1580,6960,0.0254737102972669,0.930962443351746,3889.99438476562,4178.46533203125,0.01968115625,114046440,478,68835409920.0,17257678.0,67132268544.0,16066250.0,0.02114065555
2017,1,633276179,False,0.706292510032654,9590,4600,3420,0.0114631742393994,0.00140545327944399,0.563607370320978,401.014660938387,0.00885652387083952,114046440,967,298279234092.0,5144116500.0,2899261973.18975,7229815.40476696,6.3015427125
2018,3,633276956,False,0.961598992347717,6210,3350,7130,0.0420119826527093,0.0289635935110008,55.928223412875,1930.98357742221,0.0324587343308594,114046440,155,368763977728.0,914835584.0,51165128928.0,26496925.984375,1.1206735904
2019,3,633277258,False,0.677085995674133,9190,6020,6780,0.0239939465686879,0.0243805745744788,14.2317029097583,583.731235138972,0.018537881053125,114046440,574,97513644032.0,620697600.0,8833583840.0,15132964.125,0.76035456
2020,3,633277426,False,1.0,7390,3310,5950,0.713375079195999,0.106505960220735,124.268955057239,1166.77935018557,0.5511582818,114046440,795,1988307976704.0,4224412672.0,524963348480.0,449925128.0,5.1749055232
2021,1,633276490,False,0.0,0,0,0,0.0,0.0,0.0,0.0,0.0,114046440,540,18302885888.0,99569696.0,0.0,0.0,0.1219728776
2022,1,633276718,False,0.0,0,0,0,0.0,0.0,0.0,0.0,0.0,114046440,188,10894401536.0,69504304.0,0.0,0.0,0.0851427724
2023,2,633275272,False,0.963948011398315,4230,3930,5900,0.142806030581794,0.0561579311125787,45.9449016492228,818.137362594751,0.1103328792125,114046440,275,412543975424.0,1603827896.0,73687714944.0,90067656.5,1.9646891726
2024,2,633275646,False,1.0,7050,3080,6370,0.0404344986409761,0.21038906276226,645.604064941406,3068.61962890625,0.0312399598,114046440,802,115122258304.0,121213560.0,78255964160.0,25502008.0,0.148486611
2025,3,633277401,False,0.0,0,0,0,0.0,0.0,0.0,0.0,0.0,114046440,759,25967857664.0,66778200.0,0.0,0.0,0.081803295
2026,3,633277356,False,0.999956846237183,6180,1010,6960,0.752938167197563,0.00253174926017051,2.14782695908804,848.356902035154,0.581724984004148,114046440,695,58600240684655.2,187568945090.0,402865636952.007,474877537.96257,229.77195773525
2027,2,633275783,False,0.212936922907829,11720,6900,7490,7.4972391657027e-05,0.0018474900862202,0.272845178842545,147.684234619141,5.792416328125e-05,114046440,963,704082816.0,25594200.0,6983254.0,47285.03125,0.031352895
2028,2,633275788,False,0.075150154531002,11880,4530,6540,5.33385305999926e-06,4.92113258587779e-06,0.0033995034173131,690.796997070312,4.12096998291016e-06,114046440,968,230852837376.0,683594112.0,2323880.5,3364.05712890625,0.8374027872
2029,2,633275102,False,0.684706509113312,4060,2030,6190,0.0258012904588614,0.0115484001063447,7.50889377399797,650.210739570112,0.0199342468390625,114046440,39,497206191616.0,1409100344.0,10580784800.0,16272854.5625,1.7261479214
2030,2,633275691,False,0.661174714565277,10590,6120,7220,0.0752529195786489,0.0472834035754204,25.5394821166992,540.136291503906,0.058140901,114046440,852,198512443392.0,1003776320.0,25635928064.0,47461960.0,1.229625992
2031,3,633277236,False,0.405763030052185,1870,3740,7150,2.56861976671607e-05,0.000114122382448829,0.159884696016771,1400.99332476223,1.9845325390625e-05,114046440,538,11770728448.0,141955200.0,22696464.0,16200.265625,0.17389512
2032,3,633277215,False,0.0,0,0,0,0.0,0.0,0.0,0.0,0.0,114046440,501,30564368384.0,88936200.0,0.0,0.0,0.108946845
2033,2,633275253,False,0.567439258098602,7340,3010,9490,0.00228242952185877,0.000552090273301099,0.365626764508518,662.259022102193,0.00176342007210999,114046440,247,954869754368.0,2607411612.0,953339471.4375,1439526.58947754,3.1940792247
2034,1,633276227,False,0.0,0,0,0,0.0,0.0,0.0,0.0,0.0,114046440,922,80239973248.0,355406404.0,0.0,0.0,0.4353728449
2035,3,633277304,False,0.605396211147308,6400,6830,8190,0.00685018621920641,0.00147020802655829,0.907231868978446,617.077211244893,0.00529249896259766,114046440,631,671136284672.0,2938636736.0,2666024898.25,4320407.31640625,3.5998300016
2036,3,633277486,False,0.999992847442627,6400,4820,6990,0.318840643650994,0.0338477589852177,45.3180439615371,1338.87871221633,0.24633837997361,114046440,864,1863116024783.0,5941089192.0,269238541182.469,201092555.080498,7.2778342602
2037,1,633276337,False,0.464559495449066,11520,5120,3950,2.28647028800113e-05,0.00056170008610934,0.353938698768616,630.120422363281,1.76654199462891e-05,114046440,765,3881721088.0,25673400.0,9086810.0,14420.7509765625,0.031449915
2038,2,633275302,False,0.727638602256775,5730,580,6880,0.0410122066365514,0.0432517640292645,43.5824966430664,1007.64672851562,0.0316863008,114046440,320,235206361088.0,598041920.0,26064160768.0,25866368.0,0.732601352
2039,1,633276678,False,0.469710767269135,10100,4960,5590,0.00114006418125479,0.0164439789950848,4.87184238433838,296.269104003906,0.000880821090625,114046440,238,3757236480.0,43726500.0,213028624.0,719037.625,0.0535649625
2040,2,633275782,False,0.618895053863525,2140,2280,6670,0.0190060428714377,0.00700219999998808,4.58844184875488,655.285705566406,0.014684193825,114046440,962,580936663040.0,1711904384.0,7854973440.0,11987097.0,2.0970828704
2041,3,633277337,False,0.608371376991272,8140,5640,6350,0.00162066883045192,0.0357799556559308,23.5036165192979,656.893394315933,0.00125213940605469,114046440,673,3436044928.0,28567800.0,671446616.0,1022154.6171875,0.034995555
2042,3,633277757,False,1.0,7040,5040,7300,0.854492640667124,0.116060102343846,221.952745908933,1912.39488356957,0.660186638663672,114046440,290,2504405204068.0,4643523979.5,1030642897944.0,538927868.296875,5.6883168748875
2043,2,633275197,False,0.643071889877319,6090,7030,5960,0.0137698054798043,0.12837840616703,93.8268966674805,730.861999511719,0.01063864235,114046440,173,23257583616.0,67648496.0,6347248640.0,8684606.0,0.0828694076
2044,2,633275959,False,0.747947931289673,4010,4990,6100,0.0904458407492332,0.0673594623804092,51.7216567993164,767.845458984375,0.0698790519,114046440,258,237334872064.0,846861312.0,43801071616.0,57044124.0,1.0374051072
2045,3,633277731,False,0.597943246364594,4070,2510,6360,0.00700013658907776,0.00701865476263292,4.12159626202159,587.234505957584,0.00540835160537109,114046440,919,186229391360.0,629035200.0,2592629129.0,4414980.90234375,0.77056812
2046,2,633275393,False,0.464709907770157,7430,2050,5790,0.00125460956466295,0.00184358772821724,0.752075493335724,407.941253662109,0.0009693196078125,114046440,443,46279053312.0,429207296.0,322796288.0,791281.3125,0.5257789376
2047,2,633275645,True,1.0,6230,5430,6840,0.000843363238201862,0.884396493434906,3017.91479492188,3412.40014648438,0.0006515879890625,114046440,802,1919262336.0,601436.75,1815084800.0,531908.5625,0.00073676001875
2048,3,633276847,True,0.782525777816772,6780,5230,7310,0.000293655637588379,0.512169303070301,2061.77250460563,4025.56828815379,0.000226880278515625,114046440,6,900657920.0,361615.5625,745569024.0,185208.390625,0.0004429790640625
2049,3,633277329,False,0.307021588087082,9160,6000,9200,0.00012383446561321,8.82678263826615e-05,0.050021169187211,566.697643265369,9.56753232421875e-05,114046440,664,238173872128.0,884833216.0,44260392.0,78102.3046875,1.0839206896
2050,2,633275262,False,0.389796078205109,5980,6930,7540,0.000610440662885903,0.00767309544607997,4.59084320068359,598.303955078125,0.00047163047421875,114046440,260,10087121920.0,50175900.0,230349696.0,385004.46875,0.0614654775
2051,2,633276680,False,0.0461738854646683,7800,1080,8430,9.11973929998387e-07,8.73706812853925e-06,0.00983085948973894,1125.18969726562,7.04597061157226e-07,114046440,312782612,30514614272.0,65832300.0,647188.0625,575.181274414062,0.0806445675
2052,3,633277579,False,0.54508364200592,5170,2370,8780,8.86313570158711e-05,5.10326435546147e-05,0.112759979615766,2209.56571640446,6.84771698242187e-05,114046440,974,467507953664.0,1095372032.0,123514128.0,55899.73046875,1.3418307392
2053,1,633276407,False,0.117283225059509,3830,1160,4690,7.15942633255685e-06,4.32434489994193e-06,0.000262566842138767,60.7182998657227,5.53141990966797e-06,114046440,656,275589005312.0,1044191680.0,274170.125,4515.44482421875,1.279134808
2054,1,633276184,False,0.0890870690345764,2270,2360,4870,6.13670467192176e-06,2.26088263843849e-06,0.00140765146352351,622.611450195312,4.74125842285156e-06,114046440,962,563292864512.0,1711904384.0,2409764.75,3870.4150390625,2.0970828704
2055,1,633276681,False,0.277221411466599,12550,6930,4490,8.35294077284785e-05,0.000205483555863779,0.0723570466824899,352.130594481523,6.45353702224731e-05,114046440,235,18254268640.0,256380296.0,18550921.0461426,52681.9348754883,0.3140658626
2056,2,633275660,False,0.255699276924133,4250,2930,6460,9.10871815895409e-05,0.00205703312531114,0.970474123954773,471.783386230469,7.03745560546875e-05,114046440,819,6326227968.0,27927900.0,27103304.0,57448.6171875,0.0342116775
2057,1,633276760,False,0.755877494812012,8860,4460,4310,0.13077046134626,0.0356353707611561,21.0352115631104,590.290161132812,0.1010341192,114046440,128,451116826624.0,2314465280.0,48685264896.0,82476832.0,2.835219968
2058,3,633276858,False,0.358018666505814,4270,3320,5880,0.000534335983832663,0.00297915775751187,1.73748195295303,583.212469555202,0.000412831498242187,114046440,19,17866736640.0,113121000.0,196545696.0,337005.3046875,0.138573225
2059,3,633277767,False,0.339035302400589,9030,5000,5690,0.000355469494310954,0.00992133289743862,6.69078717717239,674.383900463591,0.00027463807109375,114046440,607344842,6987094784.0,22597200.0,151193056.0,224194.34375,0.02768157
2060,2,633275170,False,0.307371586561203,8720,5400,9830,0.000317144769858353,0.000311102718114853,0.210002183914185,675.025207519531,0.00024502813671875,114046440,139,185550520320.0,642948288.0,135020544.0,200022.96875,0.7876116528
2061,1,633276565,False,0.0,0,0,0,0.0,0.0,0.0,0.0,0.0,114046440,401,8465694208.0,26936100.0,0.0,0.0,0.0329967225
2062,1,633276429,False,0.692442417144775,4270,5480,5570,0.0532576677772794,0.00137397665439395,0.843530424780359,613.933593473196,0.041147224680014,114046440,623,6575516895040.0,24446973724.0,20621766130.0,33589571.1673584,29.9475428119
2063,2,633275297,False,0.550063490867615,5540,4930,9470,0.000346857971080239,0.00111567077692598,0.767501533031464,687.928344726562,0.0002679847515625,114046440,314,49874927616.0,196082096.0,150493312.0,218763.0625,0.2402005676
2064,2,633275196,False,0.305517941713333,2320,2080,6130,0.00194482136043806,0.00520350318402052,2.81557273864746,541.091735839844,0.001502581784375,114046440,171,60803108864.0,235725296.0,663701696.0,1226597.375,0.2887634876
2065,1,633276475,False,0.0197687447071075,8880,6450,2190,2.90176206454547e-07,2.8952175057384e-07,1.72270392795326e-05,59.501708984375,2.24192047119141e-07,114046440,566,113541939200.0,632124928.0,10889.640625,183.013916015625,0.7743530368
2066,2,633275377,False,0.134876027703285,8660,1410,9620,3.90791179444916e-06,2.95825448120013e-05,0.0221213344484568,747.783325195312,3.01927837524414e-06,114046440,421,25068339200.0,83316600.0,1843074.375,2464.71704101562,0.102062835
2067,3,633277510,False,0.357310950756073,13050,5230,7580,0.000139320674965451,4.10636631892016e-05,0.0071186161851864,173.355605231497,0.000107640070521831,114046440,901,6803682488.0,2139834552.0,15232660.8754883,87869.4453239441,2.6212973262
2068,2,633275764,False,0.649882078170776,4760,1690,7700,0.0455805900558601,0.0173161085695028,12.931939125061,746.815551757812,0.0352158639,114046440,943,672182197283.0,1660167680.0,21469188096.0,28747644.0,2.033705408
2069,2,633275735,False,0.115603052079678,11500,3810,5800,1.36669472609646e-05,0.000157488102559,0.0921807363629341,585.318725585938,1.05591734130859e-05,114046440,912,15050430464.0,54732600.0,5045291.5,8619.7333984375,0.067047435
2070,3,633277346,False,0.326205790042877,6470,1950,5930,0.000158178486188527,6.60299840861323e-05,0.038545755401098,583.761391655302,0.000122209739599609,114046440,687,670604689408.0,1510875008.0,58237818.5,99763.052734375,1.8508218848
2071,2,633275503,False,0.147205680608749,8950,1730,9000,2.60439150106566e-06,1.16055316539132e-05,0.00900258030742407,775.714538574219,2.01217001647949e-06,114046440,613,55154196480.0,141534896.0,1274179.25,1642.58776855469,0.1733802476
2072,3,633277467,False,0.612301647663116,8830,1580,5350,0.00567994634782417,0.00345271726527693,3.19619768279332,925.705013537205,0.00438836393515625,114046440,842,371385417728.0,1037541632.0,3316188160.0,3582337.90625,1.2709884992
2073,1,633276772,False,0.262594074010849,10320,6520,4170,0.000175715671207865,0.000729716615751386,0.31801301240921,435.803436279297,0.000135759084179687,114046440,114,21619492864.0,151872304.0,48297368.0,110823.7421875,0.1860435724
2074,3,633277608,False,0.796532452106476,7690,6470,6090,0.0084156431225018,0.0302401186110003,21.140009451241,699.071644631412,0.0065019812703125,114046440,1004,45794686976.0,175519808.0,3710490400.0,5307739.8125,0.2150117648
2075,1,633276549,False,0.3954738676548,12630,5240,4110,0.000242013006480383,0.000201793009182438,0.110844604671001,549.298522949219,0.000186980841796875,114046440,429,112431169536.0,756405888.0,83843512.0,152637.421875,0.9265972128
2076,1,633276136,False,0.120173297822475,7530,3780,4500,2.68483192612505e-05,3.00405772577506e-05,0.0186142791062593,619.637878417969,2.07431881835937e-05,114046440,1020,137066348544.0,563678080.0,10492461.0,16933.21484375,0.690505648
2077,1,633276650,False,0.0778188928961754,6640,1390,4680,3.47694907969044e-06,0.000141817465191707,0.0788462609052658,555.970092773438,2.68631374511719e-06,114046440,279,3325110784.0,15462900.0,1219191.875,2192.9091796875,0.0189420525
2078,3,633277704,False,0.555919289588928,6460,4580,5800,0.00548286068284343,0.0885885447088239,70.2158935104061,792.606919339225,0.004236094253125,114046440,1120,14559078400.0,39034800.0,2740863360.0,3458036.125,0.04781763
2079,1,633276116,False,0.0,0,0,0,0.0,0.0,0.0,0.0,0.0,114046440,1047,256071286784.0,576721792.0,0.0,0.0,0.7064841952
2080,1,633276247,False,0.22772029042244,5200,5320,5690,9.60164327278224e-05,0.00017703979392536,0.0632407367229462,357.211975097656,7.41829279296875e-05,114046440,900,16244153344.0,342055808.0,21631862.0,60557.4921875,0.4190183648
2081,1,633276422,False,0.146595507860184,10200,1930,5670,3.16021853261681e-05,0.00243980204686522,1.69413626194,694.374450683594,2.44160563964844e-05,114046440,633,2586567168.0,8169300.0,13839907.0,19931.474609375,0.0100073925
2082,2,633275891,False,1.0,7050,3080,6370,0.0619464997769181,0.1790960189937,481.125349777045,2686.41007477653,0.047860273475,114046440,1083,171980689792.0,218148964.0,104956996608.0,39069611.0,0.2672324809
2083,3,633276985,False,0.479777246713638,12930,6620,5670,0.00110321277193424,0.0114789320918914,2.33731670378619,203.617957234649,0.00085234944921875,114046440,198,1587613696.0,60615000.0,141676452.0,695795.46875,0.074253375
2084,3,633277512,False,0.214166805148125,12420,4820,4560,2.62413230887413e-05,8.98249068800488e-05,0.0438924356694867,488.644377089087,2.02742189453125e-05,114046440,903,31700236288.0,184251600.0,8087251.5,16550.3828125,0.22570821
2085,2,633275870,False,0.107595697045326,10720,3960,9310,8.91880788178758e-06,2.19541129808931e-06,0.000582651642616838,265.395202636719,6.89072967529297e-06,114046440,1056,987124793344.0,2562201088.0,1492870.625,5625.08544921875,3.1386963328
2086,1,633276327,False,0.0,0,0,0,0.0,0.0,0.0,0.0,0.0,114046440,781,3540289024.0,10564200.0,0.0,0.0,0.012941145
2087,3,633277653,False,0.560481309890747,9010,4130,5750,0.00129448103465035,0.130900788640372,83.7252525252525,639.608465272686,0.00100012456796875,114046440,1060,1515324032.0,6237000.0,522194400.0,816428.21875,0.007640325
2088,3,633277667,False,0.715299129486084,6230,2110,6820,0.00656105754111526,0.000193874196989081,0.157414673647193,811.942363098778,0.00506911624278717,114046440,1080,6860709501440.0,21344016584.0,3359861404.89062,4138054.07574463,26.1464203154
2089,3,633277269,False,0.670037090778351,3460,4830,6090,0.0084339965177869,0.00410156720172297,3.36113371701391,819.475471620208,0.00651616122431641,114046440,589,285362753536.0,1296898240.0,4359048402.0,5319315.28515625,1.588700344
2090,2,633275927,False,0.525243639945984,11020,4410,7810,0.000109413046667134,0.000176526562427171,0.0255681127309799,144.840026855469,8.45332400390625e-05,114046440,1123,4822915008.0,390914112.0,9994936.0,69006.7265625,0.4788697872
2091,2,633276711,False,0.0519381389021873,9620,3010,9590,3.97554351175703e-06,3.09102215396706e-05,0.0208424888551235,674.291137695312,3.07153108520508e-06,114046440,312782648,26336417792.0,81117904.0,1690699.0,2507.37231445312,0.0993694324
2092,1,633276546,False,0.0,0,0,0,0.0,0.0,0.0,0.0,0.0,114046440,434,141984628736.0,437602496.0,0.0,0.0,0.5360630576
2093,3,633277067,False,0.389146119356155,5890,2300,5910,0.000763302062654026,0.0010649655313904,0.700537390623664,657.802877158901,0.000589732197851562,114046440,296,152083898368.0,452046592.0,316675540.0,481414.0390625,0.5537570752
2094,3,633277497,True,1.0,6140,1770,6920,0.00160741965950921,0.901175338796869,3517.7294825167,3903.49062060787,0.001241903009375,114046440,882,4107335168.0,1124973.5,3957352448.0,1013798.375,0.0013780925375
2095,2,633275321,False,0.0,0,0,0,0.0,0.0,0.0,0.0,0.0,114046440,338,759525888.0,9322200.0,0.0,0.0,0.011419695
2096,3,633277154,False,0.0,0,0,0,0.0,0.0,0.0,0.0,0.0,114046440,401,18223322624.0,53872200.0,0.0,0.0,0.065993445
2097,3,633277163,False,0.311610221862793,7480,1420,8270,0.00026604768376037,0.000183203965047881,0.122213379647557,667.089162702432,0.000205550191665649,114046440,417,330774653440.0,915897616.0,111934943.0625,167796.074829102,1.1219745796
2098,3,633277200,False,0.632668793201447,7510,5730,7020,0.00968388975842156,0.0348809836960773,43.4929091732065,1246.89457018088,0.00748183696914062,114046440,470,65355997284.0,175098904.0,7615560728.0,6107622.015625,0.2144961574
2099,1,633276135,False,0.117172926664352,5380,1900,4650,1.65418333088162e-05,9.75058992480626e-06,0.00566758448258042,581.255554199219,1.2780329296875e-05,114046440,1021,289133330432.0,1069978496.0,6064193.5,10432.921875,1.3107236576
2100,2,633275204,False,0.225017085671425,4610,4280,9290,9.59033142329016e-05,0.000246486742980778,0.180111691355705,730.715515136719,7.40955318359375e-05,114046440,187,83047849984.0,245393104.0,44198168.0,60486.1484375,0.3006065524
2101,3,633277322,False,0.3447645008564,7060,6970,8680,0.000322235297999936,0.000187813612681347,0.0991765550561573,528.058395982322,0.000248961112268066,114046440,655,229042364416.0,1082102400.0,107319188.25,203233.561035156,1.32557544
2102,2,633275202,False,0.700686991214752,2400,2800,6570,0.00185958645296739,0.00267622431218678,1.6673099963445,623.008313896575,0.00143672873382568,114046440,184,116478594772.0,438244200.0,730688935.5,1172839.78271484,0.536849145
2103,3,633277532,False,0.307021588087082,9160,6000,9200,0.000411235348732778,5.74209475383625e-05,0.0350322569517088,610.095417326647,0.000317723137284851,114046440,926,1157331247104.0,4516920000.0,158237902.070312,259365.82635498,5.533227
2104,1,633276263,False,0.112353809177876,9330,3970,3670,9.2225312574231e-06,0.00028875601128675,0.186007097363472,644.1669921875,7.12538835449219e-06,114046440,874,3533516544.0,20143800.0,3746889.75,5816.6435546875,0.024676155
2105,1,633275946,False,0.436601996421814,6500,2050,5420,0.00615323427921716,0.00283589586615562,1.20878601074219,426.244842529297,0.00475402930625,114046440,484682516,175147941888.0,1368470656.0,1654188160.0,3880840.25,1.6763765536
2106,3,633276994,False,0.272389829158783,11140,5260,7570,4.88569054616581e-05,0.000119060639680745,0.0538695679872657,452.45488460094,3.77471667480469e-05,114046440,209,35496741888.0,258809408.0,13941951.0,30814.013671875,0.3170415248
2107,2,633275171,False,0.481530696153641,8250,3380,5700,0.000858284276220884,0.00296832527965307,1.98848080635071,669.899841308594,0.00066311608125,114046440,140,7273760768.0,182365200.0,362629696.0,541319.25,0.22339737
2108,1,633275873,False,0.53660649061203,6340,5600,5480,0.00798973619254601,0.0143076029038968,7.82186881588616,546.69317204462,0.00617292277280273,114046440,157,53595406848.0,352198804.0,2754852842.0,5039120.63085938,0.4314435349
2109,2,633275674,True,0.0154250031337142,6550,5860,7490,8.59814188342171e-08,1.0,4306.47774854396,4306.47774854396,6.64298101425171e-08,114046440,835,233533.46875,54.2284164428711,233533.46875,54.2284164428711,6.64298101425171e-08
2110,2,633275682,False,0.440811902284622,9720,3470,8470,2.7128018737303e-05,4.07571642426774e-05,0.0729410126805305,1789.64892578125,2.09592858398437e-05,114046440,843,124420521984.0,419794208.0,30620216.0,17109.62109375,0.5142479048
2111,3,633277502,False,0.377448797225952,5980,2470,8450,0.000439119368664929,0.000382357957938611,0.22935405741263,599.84120285906,0.000339266514624023,114046440,889,238348460032.0,724327168.0,166127374.875,276952.256835938,0.8873007808
2112,3,633277597,False,0.0994396805763245,7120,3130,10240,4.79105197400128e-06,1.57172625990615e-05,0.0118369449541857,753.117464290031,3.70159829101562e-06,114046440,990,75553054720.0,192254400.0,2275704.75,3021.712890625,0.23551164
2113,3,633277466,False,0.638606250286102,9720,7080,6080,0.00614785369370734,0.0143875796066164,2.91572315005874,202.655570275204,0.00474987223046875,114046440,841,6948621824.0,269499584.0,785786176.0,3877446.71875,0.3301369904
2114,3,633277135,False,0.760011076927185,5920,1180,8400,0.0541275347808118,0.0100627961913337,7.91573395101655,786.63363547338,0.0418192896526253,114046440,369,1291971663360.0,3392515856.0,26854252940.7012,34138195.6347961,4.1558319236
2115,2,633275396,False,0.694485068321228,10650,5570,7460,0.00280242008804058,0.00394205236807466,2.36029958724976,598.748901367188,0.00216516820625,114046440,445,72602918912.0,448366496.0,1058279232.0,1767484.25,0.5492489576
2116,2,633275921,False,0.997436344623566,5970,3950,6280,0.0106004502008618,0.133178278803825,205.410659790039,1542.37353515625,0.0081899776,114046440,1113,28317306880.0,50201100.0,10311840768.0,6685696.0,0.0614963475
2117,2,633275552,False,0.272069215774536,6090,510,6600,0.000265421226572431,0.000733303953893483,0.388106375932693,529.257202148438,0.00020506618671875,114046440,671,52854059008.0,228283200.0,88598168.0,167400.96875,0.27964692
2118,3,633277655,False,0.437105804681778,6540,2250,8430,0.000910462683411983,0.00435355744734378,2.03977851072718,468.53143329295,0.000703429462097168,114046440,1062,26694585344.0,131898600.0,269043929.875,574228.132324219,0.161575785
2119,2,633275755,False,0.0176929347217083,12430,1810,7210,3.01448828691233e-07,1.26695269386801e-07,8.50164815346943e-06,67.1031188964844,2.32901349258423e-07,114046440,936,583581040640.0,1500636544.0,12757.8837890625,190.123550415039,1.8382797664
2120,3,633277144,False,0.733527958393097,8230,5380,6800,0.0374003668855903,0.0169094968308442,17.10246095045,1011.41158258795,0.028895769634375,114046440,381,403175407616.0,1394978432.0,23857564160.0,23588383.375,1.7088485792
2121,3,633277566,False,0.590118050575256,5840,6570,8630,0.00198733113475252,0.000120402719198872,0.0785400953898331,652.311641401607,0.00153542511582031,114046440,961,2826618142720.0,10410132480.0,817612798.0,1253408.2578125,12.752412288
2122,2,633275751,False,0.558325290679932,9160,6210,6780,0.00414645371247052,0.00602197041735053,3.37206196784973,559.959899902344,0.00320357743125,114046440,931,84611538944.0,434270688.0,1464387712.0,2615165.25,0.5319815928
2123,1,633276115,False,0.499642729759216,10610,6430,4960,0.00268875438302,0.00143627577926964,0.590614318847656,411.212341308594,0.002077349334375,114046440,1048,109528014848.0,1180689280.0,697331968.0,1695795.375,1.446344368
2124,1,633276169,False,0.0749206393957138,7290,4550,1650,3.79351820808393e-06,1.36885391839314e-05,0.00725983781740069,530.35888671875,2.93089713745117e-06,114046440,977,43908530176.0,174786304.0,1268920.25,2392.56909179688,0.2141132224
2125,1,633275185,False,0.114721961319447,12350,5210,3560,1.21327939315984e-05,0.000165683537488803,0.0434399917721748,262.1865234375,9.37387645263672e-06,114046440,589508451,2102359552.0,46185300.0,2006289.0,7652.14404296875,0.0565769925
2126,3,633277249,False,0.339678376913071,5420,1550,9140,0.000948850593406928,0.00164454575225072,0.966071150978366,587.43951006301,0.000733088214038086,114046440,558,89086480384.0,363893408.0,351546923.5,598439.358398438,0.4457694248
2127,3,633277453,False,0.596555650234222,3660,4070,6130,0.000485292324699999,0.00101151566549795,0.706095524453183,698.056934299267,0.000374940044378662,114046440,827,92037517312.0,302588992.0,213656733.0,306073.505615234,0.3706715152
2128,3,633277421,False,0.278530955314636,7170,4040,9710,1.4982062796204e-05,0.000116971013184216,0.0650925760873064,556.484673555771,1.15752403320312e-05,114046440,786,17911922688.0,80782200.0,5258321.5,9449.17578125,0.098958195
2129,3,633277587,False,0.427213340997696,7290,2160,5820,0.00101219482153919,0.0115000453167784,6.9262934860931,602.284016741026,0.000782028381640625,114046440,982,12879844864.0,55512000.0,384492404.0,638390.515625,0.0680022
2130,2,633275553,False,0.754680037498474,4320,5140,7050,0.193579719401859,0.0104275643825531,7.8816933631897,755.851806640625,0.1495609654,114046440,672,3651180167168.0,11708446720.0,92282388480.0,122090584.0,14.342847232
2131,3,633277127,True,0.686199724674225,6100,720,6860,0.000109108591621169,0.215254406789396,610.721988771824,2837.21015463044,8.42980160665512e-05,114046440,361,395595012.875,319690.11933136,195241785.46875,68814.706993103,0.000391620396180916
2132,2,633275342,False,0.96804803609848,6150,750,6940,0.0277062897488475,0.027717489562331,24.0594716485103,868.024919587521,0.0214060618296875,114046440,361,230790776827.125,630444404.0,15168159264.0,17474336.1875,0.7722943949
2133,2,633275741,False,0.448944836854935,10550,3650,6520,0.00123386091745422,0.000423913846134541,0.318332548268911,750.936897135178,0.00095328906640625,114046440,920,736969310208.0,1835738944.0,584375456.0,778195.15625,2.2487802064
2134,1,633276102,False,0.734318196773529,13050,5790,5340,0.143343367028924,0.00421407918943655,2.2645354713624,537.373734465865,0.110748028888435,114046440,1065,2941563507872.0,21453454036.0,48582107647.7649,90406554.1946411,26.2804811941
2135,3,633277145,False,0.644674062728882,6380,1910,6730,0.00173199207094113,0.000119091366214272,0.114382704451866,960.461770554101,0.00133814847441406,114046440,382,3320705974272.0,9172504576.0,1049175880.0,1092366.1015625,11.2363181056
2136,2,633275806,True,1.0,6140,1770,6920,0.0124449608735537,0.866981947393755,3506.72122196759,4044.74537504407,0.00961505868675232,114046440,985,33278015709.0,9053276.74121094,31747317676.75,7849027.49938965,0.0110902640079834
2137,2,633276742,False,0.188990861177444,11400,4300,6900,3.43027097802488e-05,0.000564643065445125,0.260043621063232,460.545135498047,2.65024993652344e-05,114046440,589508455,4239655680.0,38315700.0,9963753.0,21634.693359375,0.0469367325
2138,1,633276069,False,0.346002668142319,4330,3880,5580,0.000153686711415198,0.000259716704022139,0.141559019684792,545.051635742188,0.00011873936484375,114046440,1108,37569728512.0,373214688.0,52831908.0,96930.09375,0.4571879928
2139,3,633277091,False,0.742097318172455,10350,3900,6580,0.0274461393090181,0.0224594233199918,9.33267290730512,415.534841404313,0.0212050678875,114046440,326,52535000192.0,770734816.0,7193015936.0,17310259.5,0.9441501496
2140,2,633275651,False,0.227034747600555,5450,2990,9940,0.000192030437594825,0.000125401522382163,0.0900597646832466,718.171264648438,0.000148363980078125,114046440,806,342960209920.0,965805312.0,86980200.0,121113.453125,1.1831115072
2141,2,633275926,False,0.196006685495377,9460,4720,10420,6.02582110959474e-05,8.62542219692841e-05,0.0496337972581387,575.436157226562,4.65558905273437e-05,114046440,1121,105757351936.0,440613888.0,21869340.0,38004.80859375,0.5397520128
2142,1,633276372,False,0.188576892018318,4990,5520,2630,7.12545501648819e-05,1.12110683403444e-05,0.00696816202253103,621.543090820312,5.50517344726562e-05,114046440,703,1122806726656.0,4008555776.0,27932266.0,44940.19140625,4.9104808256
2143,3,633277645,False,0.683226108551025,10560,6700,6260,0.0219352192936527,0.00585866519216639,2.49371035874909,425.644797399145,0.016947294809375,114046440,1048,235857592320.0,2361378560.0,5888594176.0,13834526.375,2.892688736
2144,2,633275151,False,0.565186738967896,9650,3780,6020,0.000398009183339078,0.0768574401736259,114.590133666992,1490.94396972656,0.00030750451484375,114046440,115,1602950912.0,3266100.0,374262848.0,251024.09375,0.0040009725
2145,2,633275404,False,0.15354710817337,8230,2410,9450,3.27039200758932e-06,0.000259872467722744,0.397076964378357,1527.96850585938,2.52672639160156e-06,114046440,456,1864215808.0,7937100.0,3151639.5,2062.6337890625,0.0097229475
2146,1,633276828,False,0.185539707541466,5490,6800,4000,0.00015587472188249,0.000441909563960508,0.291807144880295,660.332275390625,0.000120429836132812,114046440,23,58838794240.0,222466496.0,64917312.0,98310.0703125,0.2725214576
2147,1,633276213,False,0.436909854412079,11550,5410,5400,0.00086360054819308,0.00127812052875523,0.401998968891076,314.523520941006,0.00066722346796875,114046440,938,39024631808.0,426150904.0,171312224.0,544672.21875,0.5220348574
2148,1,633276134,False,0.546057820320129,6040,5060,3770,7.85603054341892e-05,7.03638652339578e-05,0.0428864881396294,609.495849609375,6.06962090820312e-05,114046440,1022,124894961664.0,704167168.0,30199256.0,49547.92578125,0.8626047808
2149,1,633276067,False,0.687302529811859,6820,1130,3810,0.000126890225743741,0.000503797316923738,1.2040376663208,2389.92456054688,9.80362236328125e-05,114046440,1111,63487500288.0,158852704.0,191264640.0,80029.5703125,0.1945945624
2150,3,633277468,False,0.440811902284622,9720,3470,8470,4.80930970413786e-05,3.61275592842833e-05,0.0436965777526878,1209.50815992979,3.71570433349609e-05,114046440,843,238088077312.0,839588416.0,36687140.5,30332.2802734375,1.0284958096
2151,3,633277361,False,0.581266522407532,11500,4870,6100,0.00568795913471882,0.00124272260600799,0.846510555721859,681.174182902421,0.00439455466705322,114046440,701,614966375424.0,2886719488.0,2443638518.0,3587391.56494141,3.5362313728
2152,1,633276129,False,0.554646730422974,9370,3560,5460,0.00221462804687337,0.0737063214182854,54.0206413269043,732.917358398438,0.00171103620625,114046440,614454277,6448290304.0,18950400.0,1023712768.0,1396764.25,0.02321424
2153,3,633277383,False,0.598650634288788,7920,5840,5740,0.00527070865503176,0.0479948947622224,43.4450726658986,905.201957023457,0.0040721842,114046440,732,19446300672.0,69262200.0,3009101312.0,3324232.0,0.084846195
2154,2,633275457,False,0.600232362747192,6660,5560,8520,0.00335355876396267,0.0181003622710705,13.1964473724365,729.070922851562,0.002590981575,114046440,551,34967891968.0,116853296.0,1542048384.0,2115087.0,0.1431452876
2155,2,633275099,False,0.595255494117737,9080,3820,5940,0.000119929499225805,0.00516684073954821,3.74449944496155,724.717407226562,9.26583205078125e-05,114046440,35,3634022400.0,14639400.0,54817224.0,75639.4453125,0.017933265
2156,3,633277028,False,0.709669530391693,7570,3280,1460,0.00235441265729397,0.000284751032831547,0.191255862226336,671.659942106265,0.00181903471635822,114046440,247,1763687008512.0,5214823224.0,997365512.064041,1484926.29906794,6.3881584494
2157,1,633275224,False,0.0,0,0,0,0.0,0.0,0.0,0.0,0.0,114046440,312782636,47147855872.0,168287392.0,0.0,0.0,0.2061520552
2158,1,633275964,False,0.181829482316971,7520,2450,3650,6.88013020965717e-06,1.40567890412058e-05,0.0106665389612317,758.817626953125,5.31563388671875e-06,114046440,10704,82584879104.0,308697312.0,3292732.0,4339.29296875,0.3781542072
2159,3,633277481,False,0.370615214109421,5940,4440,9640,0.000195336874354978,0.00025598138716682,0.176075474540845,687.844833132724,0.000150918554882812,114046440,857,134947295232.0,481280384.0,84741672.0,123198.8203125,0.5895684704
2160,1,633276780,False,0.018485089763999,11470,5530,3220,1.39785770551652e-06,1.92626089301484e-06,0.000262543821008876,136.297134399414,1.07999406433105e-06,114046440,101,61753266176.0,457688704.0,120163.34375,881.627807617188,0.5606686624
2161,3,633277411,False,0.593083024024963,12290,5420,5790,0.00755707057496972,0.0187368508568547,13.3284314379142,711.348536621251,0.00583864246875,114046440,773,75067731968.0,254377792.0,3390456960.0,4766238.75,0.3116127952
2162,1,633276782,False,0.0574678480625153,5750,2500,3960,3.84124858922206e-06,3.94457747461274e-05,0.0123767610639334,313.766479492188,2.9677739440918e-06,114046440,98,5928000000.0,61417800.0,760153.4375,2422.67260742188,0.075236805
2163,3,633277606,False,0.999898910522461,7010,5360,7210,0.0664534637638475,0.038066309219209,36.9801842003078,971.467551197396,0.0513423835172657,114046440,1000,145594717700.234,1101030036.0,40716293541.3516,41912149.8100128,1.3487617941
2164,2,633275928,False,0.544679641723633,2840,3490,6280,0.000185006772501255,0.000418258714489639,0.334830343723297,800.534057617188,0.000142937450195312,114046440,1125,88342888448.0,278974784.0,93409224.0,116683.6328125,0.3417441104
2165,3,633277492,False,0.526588380336761,9340,3780,7790,0.000646463606508047,0.010120337580414,8.07662927923232,798.059275696801,0.000499462037573242,114046440,874,7045193984.0,40287600.0,325388009.75,407724.112304688,0.04935231
2166,2,633275373,False,0.262790739536285,3400,4440,6900,7.7814915001441e-05,0.000175569715793245,0.146130248904228,832.320373535156,6.01203155273437e-05,114046440,412,97969020928.0,279534592.0,40848460.0,49077.80859375,0.3424298752
2167,2,633275676,False,0.237359210848808,7130,4690,10600,3.03956437887159e-05,0.000164788536494598,0.113604091107845,689.393127441406,2.34838744628906e-05,114046440,836,22698342400.0,116334000.0,13216018.0,19170.509765625,0.14250915
2168,2,633275538,False,0.00419342657551169,5600,1900,8810,6.38797203899426e-09,1.63339350933711e-08,9.76814226305578e-06,598.027465820312,4.93538924455643e-09,114046440,654,125811195904.0,246657600.0,2409.38647460938,4.02888917922974,0.30215556
2169,2,633275362,False,0.56515771150589,5990,6710,7160,0.00482889823645379,0.144164815545082,152.273315429688,1056.24475097656,0.0037308385625,114046440,390,9779716096.0,21125700.0,3216880384.0,3045582.5,0.0258789825
2170,3,633277252,False,0.595830321311951,7810,980,7830,2.81678647134573e-05,6.87496175500565e-05,0.0910946874709761,1325.02100691179,2.17626776855469e-05,114046440,565,93683597312.0,258408000.0,23539596.0,17765.451171875,0.3165498
2171,2,633275666,False,0.693920195102692,5480,6630,6830,0.0754875290217527,0.0700220651759368,50.8059699258761,725.570858246204,0.0583221618,114046440,826,185612994560.0,679927504.0,34544376320.0,47609928.0,0.8329111924
2172,2,633275502,False,0.472087144851685,9280,6110,6980,0.000963169845554243,0.00186510686762631,0.811323344707489,435.001007080078,0.0007441513625,114046440,612,48657592320.0,325702784.0,264250272.0,607470.5,0.3989859104
2173,2,633275922,False,0.0,0,0,0,0.0,0.0,0.0,0.0,0.0,114046440,1114,19493847040.0,46868400.0,0.0,0.0,0.05741379
2174,1,633276582,False,0.500705242156982,11360,3850,4330,1.93485333190963e-05,0.000507182092405856,0.158845543861389,313.192352294922,1.49488041992187e-05,114046440,372,2701856512.0,24060600.0,3821919.25,12203.10546875,0.029474235
2175,3,633277171,False,0.391561955213547,7770,1930,5900,0.000489403123904469,0.000338571149379265,0.182408940071918,538.761026763047,0.000378116074902344,114046440,430,320171622400.0,911673024.0,166297310.0,308666.18359375,1.1167994544
2176,1,633276277,False,0.578505337238312,8830,1590,5350,0.00259383215991206,0.00565919000655413,4.38907289505005,775.565551757812,0.0020040118,114046440,851,83233554432.0,289074592.0,1268769408.0,1635928.0,0.3541163752
2177,2,633275718,False,0.479729622602463,6440,1210,6730,0.00121454432413065,0.000722184393080921,0.466724744954837,646.268113000526,0.000938364939257812,114046440,894,313915532544.0,1060687828.0,495049256.0,766012.1953125,1.2993425893
2178,3,633277040,False,0.608033835887909,5030,6250,6270,0.0103120339116962,0.0780763605276805,75.6606057113771,969.059074987916,0.0079671452765625,114046440,263,35398649856.0,83300400.0,6302558720.0,6503792.0625,0.10204299
2179,3,633277128,False,0.96804803609848,6150,750,6940,0.028141724498075,0.0140729819861865,12.2805890791472,872.635884221368,0.021742481583081,114046440,361,442486062587.125,1261208504.0,15488383380.75,17748964.5576172,1.5449804174
2180,3,633277602,True,1.0,6530,5900,6570,1.00000012237783,0.858133104420675,3507.74296577735,4087.6443848946,0.7726066768,114046440,997,2707814350848.0,734966784.0,2578074566656.0,630699328.0,0.9003343104
2181,2,633275853,False,0.186553254723549,9060,2180,7480,5.96773330078163e-05,7.71369595895521e-05,0.038064856082201,493.471008300781,4.61071002929687e-05,114046440,1037,140421169152.0,487943104.0,18573484.0,37638.44921875,0.5977303024
2182,2,633275405,False,0.614956796169281,10750,4230,6690,0.00114669788978478,0.169460028409958,227.389190673828,1341.84558105469,0.0008859463375,114046440,460,2552914432.0,4267800.0,970451584.0,723221.5,0.005228055
2183,2,633275845,False,0.656450748443604,6230,2030,7800,0.00302755254985373,0.0579334571957588,33.093017578125,571.224609375,0.002339107028125,114046440,1026,7571041280.0,32959800.0,1090739200.0,1909475.125,0.040375755
2184,3,633277024,False,0.567439258098602,7340,3010,9490,6.53716452063026e-05,0.0015039705134694,0.836405486247903,556.131572233063,5.05065633789062e-05,114046440,243,6385170944.0,27414000.0,22929220.0,41229.84765625,0.03358215
2185,2,633275429,False,0.0,0,0,0,0.0,0.0,0.0,0.0,0.0,114046440,506,694325888.0,5330700.0,0.0,0.0,0.0065301075
2186,2,633276022,False,0.488034605979919,7600,7190,5730,0.000655749599693756,0.0112699987366796,3.74502325057983,332.300231933594,0.00050663645703125,114046440,10671,2296972032.0,36697500.0,137432992.0,413580.78125,0.0449544375
2187,1,633275289,False,0.481402039527893,7310,1310,3730,8.74751783969404e-05,8.51891619771651e-05,0.072843434654988,855.078662171998,6.75838986129761e-05,114046440,312782546,204191982592.0,647623808.0,47175142.5390625,55170.5294799805,0.7933391648
2188,3,633276946,False,0.999979794025421,6940,5800,6280,0.157957369842056,0.0541545059454025,55.5090106769832,1025.01185650085,0.122038903654883,114046440,141,599891652704.0,1839617832.0,102115365878.057,99623594.8203125,2.2535318442
2189,3,633277755,False,0.547047674655914,6110,6980,5850,0.00174541914462409,0.0185956807426383,10.7099893240358,575.939621262624,0.00134852231992187,114046440,286,11347819520.0,59198400.0,634014232.0,1100834.546875,0.07251804
2190,3,633277198,False,0.133174926042557,8260,1250,7520,7.75634177300875e-06,0.000194151503600217,0.136008060675335,700.525404919824,5.99260070800781e-06,114046440,469,6003281664.0,25196400.0,3426913.5,4891.9189453125,0.03086559
2191,1,633276778,False,0.112738974392414,3590,3790,3460,2.89835920432343e-05,1.09062773165177e-05,0.0047772713961479,438.029518001774,2.23929139898539e-05,114046440,104,492616987136.0,1676092516.0,8007148.83398438,18279.9297876358,2.0532133321
2192,2,633275229,False,0.915192723274231,6650,3140,6510,0.0632377602294172,0.0738170817494392,71.8896408081055,973.889038085938,0.0488579098,114046440,218,186507952128.0,540308672.0,38842597376.0,39884008.0,0.6618781232
2193,3,633277689,False,0.779154539108276,7970,3640,6110,0.137338390480492,0.0462681917593977,47.892131705958,1035.09840961594,0.106108544480859,114046440,1100,648289188352.0,1872111632.0,89659416848.0,86619219.984375,2.2933367492
2194,1,633276124,False,0.058158315718174,9280,1580,3710,3.09153527131717e-06,3.99601685785456e-06,0.00182244135066867,456.064453125,2.38854049987793e-06,114046440,1037,157824122880.0,487943104.0,889247.6875,1949.82897949219,0.5977303024
2195,2,633275629,False,0.343271911144257,9080,1020,7480,5.57058172211593e-05,5.02835719089489e-05,0.0663395747542381,1319.30908203125,4.30386810546875e-05,114046440,778,283951562752.0,698709632.0,46352100.0,35133.6171875,0.8559192992
2196,2,633275631,False,0.0854414850473404,11310,4550,7730,1.94286871776115e-06,0.000115992297651246,0.108177408576012,932.625732421875,1.50107315979004e-06,114046440,781,3011855872.0,10564200.0,1142807.75,1225.36584472656,0.012941145
2197,1,633276776,False,0.12271212041378,11150,5490,4290,9.79661505137295e-06,0.00190067605581135,1.16228032112122,611.508850097656,7.56892927246094e-06,114046440,106,924654400.0,3250800.0,3778340.75,6178.7177734375,0.00398223
2198,1,633276027,False,0.0284126698970795,6370,2100,3270,1.61633808261842e-07,9.22162689676043e-06,0.00749561144039035,812.82958984375,1.24879344177246e-07,114046440,182305713,2163603712.0,11054700.0,82861.734375,101.942321777344,0.0135420075
2199,3,633277477,False,0.661174714565277,10590,6120,7220,0.0795502284726926,0.0249917578749019,13.3986926170962,536.124456877519,0.0614610301375,114046440,852,328959754240.0,2007552640.0,26898580736.0,50172269.5,2.459251984
2200,1,633276708,False,0.219945177435875,11930,6300,4810,5.69223179427899e-05,0.001301548210904,0.629138171672821,483.376800537109,4.39785575195312e-05,114046440,203,4295343616.0,27583200.0,17353644.0,35900.86328125,0.03378942
2201,3,633277102,True,1.0,6100,1360,7040,0.0433544677726441,0.919304461790921,3968.8973468837,4317.28280655985,0.0334959471710937,114046440,337,121251251840.0,29743824.25,118050185152.0,27343630.34375,0.03643618470625
2202,3,633277621,False,0.294434040784836,6940,2930,10580,0.000428310989787352,0.00016507910703365,0.0971093322867473,588.259374742996,0.000330915889959755,114046440,1018,515724416768.0,1636399816.0,158909693.485916,270135.42037531,2.0045897746
2203,3,633277630,False,0.581192314624786,9100,3410,5880,0.00624597261674379,0.103937918196977,88.2766565349544,849.320999172385,0.00482567955625,114046440,614454277,15254778368.0,37900800.0,3345755904.0,3939330.25,0.04642848
2204,3,633276930,False,0.416394829750061,10450,7000,6830,0.000674264915334307,0.00129124185303358,0.376236435744966,291.375651169497,0.000520941511767578,114046440,122,30533191680.0,329340608.0,123909936.5,425258.376953125,0.4034422448
2205,2,633275293,False,0.607239723205566,10950,6960,6140,0.0129033584382189,0.0339089967310429,13.2007999420166,389.300842285156,0.0099692196625,114046440,307,26871545856.0,239999392.0,3168184064.0,8138138.5,0.2939992552
2206,1,633276203,False,0.0233044158667326,1950,3510,5540,3.41428669645008e-07,3.56367781932931e-05,0.0103914262726903,291.592742919922,2.63790037536621e-07,114046440,949,356850400.0,6042600.0,62791.234375,215.338806152344,0.007402185
2207,1,633276409,False,0.0,0,0,0,0.0,0.0,0.0,0.0,0.0,114046440,654,121713164288.0,246657600.0,0.0,0.0,0.30215556
2208,2,633275426,False,0.997944891452789,6040,1590,6870,0.391798594465015,0.022477338213722,17.8752412937706,795.256143045355,0.302706173,114046440,500,4074647519523.0,10993609548.0,196513423360.0,247107080.0,13.4671716963
2209,2,633275479,False,0.683526039123535,3940,4540,8110,0.000580908808002786,0.00147833453956991,0.952070891857147,644.015869140625,0.00044881396875,114046440,583,67500322816.0,247832096.0,235953728.0,366378.75,0.3035943176
2210,3,633277327,False,0.283253848552704,5150,4630,9190,4.04697637648303e-05,0.000720828523541492,0.35584504829949,493.661164448922,3.12672058668137e-05,114046440,662,7659612160.0,35409600.0,12600330.8222656,25524.2496871948,0.04337676
2211,2,633275395,False,0.999752283096313,6090,3810,6280,0.177003864925312,0.122969577032665,163.707568951487,1331.28512679198,0.136754351125,114046440,444,477721387796.0,907835968.0,148619619328.0,111636205.0,1.1120990608
2212,2,633275371,False,0.828957438468933,7610,4630,6170,0.027550351419489,0.188364922641968,270.968067436778,1438.52721428298,0.02128558285,114046440,406,65170475008.0,92246400.0,24995828736.0,17375986.0,0.11300184
2213,3,633277713,False,1.0,7300,3070,5140,3.53804188081547,0.0713658122690765,115.188685999473,1614.05976246957,2.73351444539448,114046440,1129,12718608251815.0,31267637719.5,3601678103216.78,2231440363.58733,38.3028562063875
2214,2,633275299,False,0.999956846237183,6180,1010,6960,0.69395546736947,0.0078948859522025,6.80103152319817,861.44772253497,0.536154561878082,114046440,315,19459284661571.6,55438064086.0,377036021433.966,437677193.369863,67.91162850535
2215,3,633277427,True,1.0,6510,5350,6610,0.201454712108083,0.940958022883252,4559.6392674326,4845.7414215579,0.1556452366,114046440,797,626728239104.0,135029760.0,615686995968.0,127057336.0,0.165411456
2216,1,633276441,False,0.991309821605682,7530,2630,5400,0.00355019606746266,0.104117833077908,189.884887695312,1823.74987792969,0.00274290485,114046440,611,7939325952.0,21505500.0,4083569408.0,2239106.0,0.0263442375
2217,1,633276652,False,0.62045955657959,5710,2810,5540,0.0189483981224501,0.00745138585617917,4.46908776301768,599.765983036783,0.0146396571125,114046440,275,328585684992.0,1603827896.0,7167647624.0,11950740.5,1.9646891726
2218,2,633275566,False,0.581818163394928,5450,6950,6620,0.00677584838489701,0.145152032375336,107.298667907715,739.215759277344,0.0052350650625,114046440,689,9772694528.0,29441700.0,3159055104.0,4273522.5,0.0360660825
2219,3,633277658,False,0.617538750171661,7650,700,7700,0.00017371144306916,0.000588218400627269,0.420721085082531,715.246385753794,0.000134210604327393,114046440,1066,51733628928.0,186256800.0,78362163.0,109559.677001953,0.22816458
2220,2,633275545,False,0.307908087968826,8000,6430,8030,0.000333098788333839,0.000360411882866174,0.238007307052612,660.375854492188,0.00025735431640625,114046440,663,134497984512.0,582902976.0,138735168.0,210085.15625,0.7140561456
2221,1,633276439,False,0.0,0,0,0,0.0,0.0,0.0,0.0,0.0,114046440,613,53537824768.0,141534896.0,0.0,0.0,0.1733802476
2222,3,633277475,False,0.424521625041962,10840,3870,6810,0.000287539840700033,0.00236870845949874,0.826378224218011,348.872914648554,0.000222155173583984,114046440,850,3526831744.0,76561200.0,63268508.5,181351.162109375,0.09378747
2223,2,633275470,False,0.0,0,0,0,0.0,0.0,0.0,0.0,0.0,114046440,573,32568182784.0,80587800.0,0.0,0.0,0.098720055
2224,3,633277663,False,0.0589347966015339,8300,1340,9610,4.1911706104627e-06,2.49132743345369e-05,0.0196075468790645,787.032110503549,3.23812600097656e-06,114046440,1074,32323659776.0,106102800.0,2080415.625,2643.3681640625,0.12997593
2225,3,633276959,False,0.602324604988098,7620,2920,5680,0.00411545438914059,0.0549755157368577,39.6187049603931,720.660905666251,0.00317962715,114046440,158,9344492800.0,47214000.0,1870557536.0,2595614.0,0.05783715
2226,1,633276595,False,0.101801343262196,6180,2730,2490,1.19472398684815e-05,5.54629251846112e-06,0.00193481930583391,348.849127483587,9.23051616210937e-06,114046440,353,518184189696.0,1358585976.0,2628618.375,7535.115234375,1.6642678206
2227,2,633275637,False,0.126596614718437,8350,2220,9610,2.61261793119634e-05,0.000201914779609069,0.168645977973938,835.2333984375,2.01852581054687e-05,114046440,791,33467023360.0,81607504.0,13762777.0,16477.76171875,0.0999691924
2228,2,633275163,False,0.783104479312897,7610,2870,5890,0.00369443835074149,0.00581017090007663,6.12534713745117,1054.24560546875,0.0028543473875,114046440,129,20493547520.0,401034592.0,2456476160.0,2330079.5,0.4912673752
2229,2,633275931,True,1.0,6100,1360,7040,0.0151450298817316,0.936637461185455,4229.23876953125,4515.34228515625,0.011701149775,114046440,1128,44052393984.0,10198139.0,43130363904.0,9551959.0,0.012492720275
2230,3,633277613,True,1.0,6230,1750,6910,0.0140617195731882,0.60150785328951,2124.83427422691,3532.5129382878,0.0108641771,114046440,1009,36721627136.0,14744140.0,31328854016.0,8868716.0,0.0180615715
2231,3,633277654,False,0.610517084598541,7990,2750,6310,0.0141075876612073,0.0682612178933922,81.8596419710465,1199.21156547326,0.0108996150867187,114046440,1061,56924487680.0,130347000.0,10670158752.0,8897644.96875,0.159675075
2232,2,633275678,False,0.677187919616699,12190,5290,6160,0.0184386076009237,0.14835587143898,136.277618408203,918.585876464844,0.0142457896,114046440,839,38018715648.0,78387296.0,10682433536.0,11629216.0,0.0960244376
2233,3,633277537,False,0.558325290679932,9160,6210,6780,0.00549239613098645,0.0039883536014754,2.1775217580423,545.970085811042,0.004243461403125,114046440,931,153383452672.0,868541376.0,1891267744.0,3464050.125,1.0639631856
2234,2,633275903,False,0.995571494102478,6110,960,7050,0.010115283142864,0.0521569512784481,64.8255233764648,1242.89331054688,0.0078151343375,114046440,1094,60210857472.0,122317376.0,7929288192.0,6379701.5,0.1498387856
2235,2,633275345,True,1.0,7150,5880,6960,0.0149449424393625,0.803698718547821,2621.10571289062,3261.3037109375,0.0115465609,114046440,364,33663166464.0,11727982.0,30740279296.0,9425764.0,0.01436677795
2236,2,633275364,False,0.617538750171661,7650,700,7700,0.000410903710086728,0.000726639177923116,0.537038018388279,739.071102556353,0.000317466911083984,114046440,394,118036117760.0,356651100.0,191535200.0,259156.662109375,0.4368975975
2237,2,633275644,False,0.393563449382782,4100,4960,8890,0.000178500167439987,0.000347260531270877,0.246445879340172,709.685852050781,0.000137910404296875,114046440,800,113815953408.0,324194400.0,79896376.0,112579.921875,0.39713814
2238,2,633275842,False,0.599324941635132,5680,5250,7370,0.0192607839382648,0.0172512475401163,10.0612726211548,583.220031738281,0.01488100845,114046440,1022,146691162112.0,704167168.0,7084817920.0,12147762.0,0.8626047808
2239,3,633276881,False,0.713825881481171,4090,3330,6190,0.00303977270489624,0.00088444171650149,0.616609272869309,697.173438752276,0.00234854840034697,114046440,48,754914240000.0,2167675192.0,1336608623.95596,1917182.36763018,2.6554021102
2240,3,633277711,False,0.999956846237183,6180,1010,6960,0.0342896219939218,0.0441774344625428,63.8155513964051,1444.52823421679,0.0264923876553711,114046440,1128,247489998848.0,489535872.0,31240001600.0,21626438.9023438,0.5996814432
2241,1,633275268,False,0.0,0,0,0,0.0,0.0,0.0,0.0,0.0,114046440,312782578,9723870208.0,33368400.0,0.0,0.0,0.04087629
2242,3,633277507,False,0.194028824567795,5200,4520,10280,0.000122863400809237,0.00025696074381623,0.122689776511528,477.465058239681,9.4925072182846e-05,114046440,897,67791962112.0,301563008.0,36998698.0556641,77489.8548431396,0.3694146848
2243,1,633276231,False,0.0844016522169113,8140,4720,1490,5.22603607517692e-06,1.14839607652807e-06,0.000610757074136608,531.834866575911,4.03766987075806e-06,114046440,918,631272677376.0,2870139584.0,1752958.0546875,3296.05703735352,3.5159209904
2244,3,633277231,False,0.589720785617828,5620,2690,5750,0.00141742419044073,0.0264667784291086,16.2077064274506,612.379269009376,0.001095111259375,114046440,530,4575654656.0,33777000.0,547447700.0,893968.375,0.041376825
2245,3,633277422,False,0.71702915430069,7190,7060,9330,0.00105570640663395,0.000620852005343706,0.37560552683658,604.983995547608,0.000815645718688965,114046440,788,249757319168.0,1072450816.0,402818453.75,665833.239746094,1.3137522496
2246,3,633277470,False,0.997944891452789,6040,1590,6870,0.0882503291829714,0.0215634733108503,18.5757019956565,861.442946962982,0.0681827852125,114046440,844,862001295360.0,2581189760.0,47947411776.0,55659416.5,3.161957456
2247,1,633276551,False,0.0,0,0,0,0.0,0.0,0.0,0.0,0.0,114046440,427,46974476288.0,214267504.0,0.0,0.0,0.2624776924
2248,2,633276694,False,0.129523932933807,9840,2830,10050,3.67025905877565e-05,4.01126782150632e-05,0.021525297451074,536.620799430709,2.83566630737305e-05,114046440,312782628,180862515712.0,577081796.0,12421857.3125,23148.2963867188,0.7069252001
2249,1,633276016,False,0.718359589576721,6940,7030,4940,0.102583020691918,0.0252877333214282,15.7290394862304,622.002742843779,0.0792563170136719,114046440,290,587699725312.0,2558514576.0,40242976792.0,64699034.296875,3.1341803556
2250,1,633276137,False,0.0283709652721882,7030,3100,710,7.51969833867502e-07,5.79646619633645e-07,4.32302491974097e-05,74.580352464977,5.8097684329953e-07,114046440,1018,243594353664.0,818199908.0,35370.9859161377,474.26681085676,1.0022948873
2251,2,633275446,False,0.66012579202652,10060,4890,6930,0.0200573395063104,0.108287528157234,100.726516723633,930.176574707031,0.015496432525,114046440,534,46660497408.0,116820000.0,11766872064.0,12650149.0,0.1431045
2252,2,633275615,False,0.0,0,0,0,0.0,0.0,0.0,0.0,0.0,114046440,759,14026851328.0,33389100.0,0.0,0.0,0.0409016475
2253,3,633276894,False,0.652619063854218,8230,4040,5980,0.00546251124532089,0.048013269421589,31.6912433384619,660.051767360213,0.00422037214375,114046440,67,16676568064.0,71755200.0,2274011504.0,3445201.75,0.08790012
2254,3,633277202,False,0.963948011398315,4230,3930,5900,0.646021506245003,0.0100689259641915,8.17419740395588,811.824164069345,0.499120468,114046440,477,11844713061632.0,40465614848.0,330773923840.0,407445280.0,49.5703781888
2255,1,633276793,False,0.116553746163845,8560,3070,3830,1.41188344043909e-05,0.00172793457750231,0.932236790657043,539.50927734375,1.09083043945312e-05,114046440,75,818367936.0,5153400.0,4804189.0,8904.73828125,0.006312915
2256,2,633275121,False,0.652619063854218,8230,4040,5980,0.00481240622383996,0.0845982208848,57.9325981140137,684.796936035156,0.003718096725,114046440,67,10499061760.0,35877600.0,2078482560.0,3035181.0,0.04395006
2257,3,633277195,False,0.5148686170578,7890,4930,8250,0.00209868986412565,0.00105605695947408,0.706525730281794,669.022370378247,0.001621461603125,114046440,466,211130310656.0,1253381376.0,885546192.0,1323642.125,1.5353921856
2258,2,633275824,False,0.16313710808754,7630,3220,9930,3.62638840343983e-05,2.36509456277192e-05,0.0136497259861516,577.132356608774,2.80177155029297e-05,114046440,1002,370821564928.0,967048204.0,13199943.0,22871.6044921875,1.1846340499
2259,2,633275869,False,0.785551071166992,3670,4070,6130,0.000758730685632778,0.00518540432676673,3.409264087677,657.473205566406,0.000586200321875,114046440,1054,23763017728.0,92284200.0,314621216.0,478530.875,0.113048145
2260,1,633276601,False,0.0319269932806492,4980,3190,1330,4.07745056966923e-06,9.20308596849218e-07,0.000123525729711672,134.222075219743,3.15026514892578e-06,114046440,345,962406070272.0,2794329020.0,345171.53125,2571.64501953125,3.4230530495
2261,1,633276144,False,0.991309821605682,7530,2630,5400,0.0868797036449182,0.00264718942344189,1.4516966342926,548.391662597656,0.0671238309,114046440,1009,1926866778928.05,20699297792.0,30049099776.0,54794964.0,25.3566397952
2262,1,633276804,False,0.482127130031586,8520,4700,4350,0.000817026745446402,0.0264105126261711,21.1534023284912,800.9462890625,0.00063124024140625,114046440,58,5686910464.0,19511100.0,412726144.0,515298.15625,0.0239010975
2263,2,633275613,False,0.0533550344407558,7090,3120,10300,4.6664239788017e-06,1.68790975294542e-05,0.0101793967187405,603.077087402344,3.6053098815918e-06,114046440,755,55299383296.0,174364192.0,1774922.25,2943.11010742188,0.2135961352
2264,1,633276253,False,0.0,0,0,0,0.0,0.0,0.0,0.0,0.0,114046440,893,18927429632.0,93616200.0,0.0,0.0,0.114679845
2265,2,633275427,False,0.0,0,0,0,0.0,0.0,0.0,0.0,0.0,114046440,501,15854969856.0,44468100.0,0.0,0.0,0.0544734225
2266,2,633275137,False,0.18327334523201,7130,3720,10760,0.000141658023629094,0.000377881777239963,0.176190316677094,466.257781982422,0.000109445921484375,114046440,97,56022913024.0,236432704.0,41657152.0,89343.609375,0.2896300624
2267,3,633276980,False,0.639790892601013,10820,7120,5850,0.00862636759292565,0.010780874265832,1.2463095805081,115.603758079068,0.00666478838320312,114046440,190,4805959040.0,504656992.0,628958844.0,5440643.578125,0.6182048152
2268,2,633275142,False,0.999898910522461,7010,5360,7210,0.0161376725702866,0.222508057951927,530.5341796875,2384.3369140625,0.01246807205,114046440,102,48115007488.0,45742244.0,24267825152.0,10178018.0,0.0560342489
2269,3,633277665,False,0.875766098499298,6670,5420,6260,0.0296505148464876,0.137331860876133,180.792676197106,1316.46564055644,0.0229081829375,114046440,1077,81078031124.0,136170568.0,24618641408.0,18700557.5,0.1668089458
2270,2,633275458,False,0.206263765692711,12860,6950,7490,8.03614994538103e-05,0.000770516169723123,0.110609896481037,143.552978515625,6.20878234375e-05,114046440,553,607638720.0,65779200.0,7275830.5,50683.9375,0.08057952
2271,3,633276966,False,0.623307704925537,9710,4010,5310,0.00250073439988778,0.108403873183774,90.3630522220848,833.577708693996,0.0019320838578125,114046440,606826663,4467188608.0,14549400.0,1314728192.0,1577211.3125,0.017823015
2272,1,633275181,False,0.267055600881577,11100,4100,4630,1.99349902226184e-05,0.000328141817590222,0.124982945621014,380.880889892578,1.54019046630859e-05,114046440,589508455,4101829120.0,38315700.0,4788809.0,12572.9833984375,0.0469367325
2273,2,633275111,False,0.139391705393791,9260,5700,9570,4.88713023047069e-05,5.20057728863321e-05,0.031073147431016,597.494201660156,3.775828984375e-05,114046440,52,171920834560.0,592686016.0,18416620.0,30823.09375,0.7260403696
2274,2,633275540,False,0.551046252250671,2990,1640,7150,0.0372983414353988,0.0225284658372402,15.2561559677124,677.194641113281,0.0288169441,114046440,656,320251592704.0,1044191680.0,15930351616.0,23524036.0,1.279134808
2275,2,633275555,False,0.369194269180298,4140,4990,8100,0.000276406033302473,0.00230692885816097,1.62158346176147,702.918701171875,0.000213553120703125,114046440,675,21776963584.0,75567600.0,122539168.0,174329.078125,0.09257031
2276,1,633276260,False,0.091885894536972,9560,1590,3820,1.74112127394349e-05,6.4228149306465e-06,0.00453940972931645,706.763277213021,1.34520175674438e-05,114046440,879,536438091391.688,1709723688.0,7761136.34375,10981.2388305664,2.0944115178
2277,3,633277410,False,0.694647789001465,3940,3110,6160,0.00153422864879333,0.00107240670480791,0.820401305989999,765.009489694441,0.00118535515273437,114046440,772,357249843200.0,902304000.0,740251380.0,967636.859375,1.1053224
2278,2,633275687,False,0.57405960559845,8350,2780,5930,0.00654826725202869,0.00702016986906528,4.83950042724609,689.370849609375,0.00505923438125,114046440,848,24167969626.0,588303040.0,2847092736.0,4129987.25,0.720671224
2279,2,633275769,False,0.746926069259644,9820,3530,7550,0.010743811963434,0.0106713567459281,3.38282836030449,317.000775144667,0.00830073984140625,114046440,948,57186122368.0,634981504.0,2148033440.0,6776114.15625,0.7778523424
2280,1,633276645,False,0.200405970215797,5430,5270,5090,2.86070071359614e-05,0.00516945123672485,2.30913853645325,446.689300537109,2.21019620117187e-05,114046440,287,593742784.0,3490200.0,8059355.0,18042.41796875,0.004275495
2281,2,633276010,False,0.323815286159515,9010,5060,5790,0.000329457666004889,0.0242135636508465,18.9930400848389,784.396667480469,0.000254541161328125,114046440,607344854,2887557120.0,8581500.0,162988768.0,207788.703125,0.0105123375
2282,3,633277428,False,1.0,7040,5040,7300,0.250785878999001,0.106530890222058,224.633662990766,2108.6246676671,0.19375882085,114046440,797,829800382464.0,1484738048.0,333522146304.0,158170466.0,1.8188041088
2283,3,633277193,False,0.416566520929337,6480,1500,6800,0.000708180042218475,0.0147411705205487,7.10093450695393,481.707643029804,0.000547144562036133,114046440,461,6574545664.0,30299400.0,215154055.0,446648.622070312,0.037116765
2284,3,633276978,False,0.165717855095863,2220,3670,6560,2.91326130680265e-06,1.32178269394138e-05,0.00755115827071659,571.285908442336,2.25080486145019e-06,114046440,188,22414786560.0,139008608.0,1049676.0,1837.39172363281,0.1702855448
2285,2,633276676,False,0.0,0,0,0,0.0,0.0,0.0,0.0,0.0,114046440,312782608,51584565248.0,124375504.0,0.0,0.0,0.1523599924
2286,1,633276761,False,0.430348843336105,6030,4720,5330,0.00114520029604454,0.00390885022188344,2.30090120622641,588.638877321256,0.00088478928671875,114046440,127,47771097088.0,184779904.0,425160304.0,722276.96875,0.2263553824
2287,3,633277375,False,0.0693388879299164,7850,1090,8430,4.6653002415633e-06,3.19383253768128e-06,0.0034474966130455,1079.42309822806,3.60444167480469e-06,114046440,721,392671248384.0,921276032.0,3176096.0,2942.4013671875,1.1285631392
2288,1,633276081,False,0.533406615257263,6220,920,4410,3.15424735757558e-05,0.000162040276336484,0.206981047987938,1277.34313964844,2.43699227050781e-05,114046440,1094,53030125568.0,122770800.0,25411228.0,19893.814453125,0.15039423
2289,2,633275485,False,0.619141638278961,9290,4190,5760,0.00891761642767093,0.150265946984291,161.728424072266,1076.28125,0.00688980915,114046440,591,16744051712.0,37429200.0,6053365248.0,5624334.0,0.04585077
2290,3,633277677,False,0.608535885810852,6390,4150,9940,0.000495887847250748,0.000159004454469137,0.142963412485881,899.115769826627,0.00038312621484375,114046440,1090,800531513344.0,1966964352.0,281203936.0,312756.09375,2.4095313312
2291,3,633277229,False,0.393171489238739,7550,1940,10190,0.00132969220953655,0.00473248934434754,3.09666187000401,654.341012664433,0.00102732895345459,114046440,527,45284265984.0,177208192.0,548753851.21875,838635.880371094,0.2170800352
2292,2,633275452,False,0.237908035516739,9150,6030,8630,9.10905756398703e-05,0.000101692603493575,0.0603572428226471,593.5263671875,7.03771783203125e-05,114046440,543,148510228480.0,564945280.0,34098540.0,57450.7578125,0.692057968
2293,1,633276388,False,0.629470646381378,8570,4310,5610,0.00390910088573697,0.0832621455192566,41.9391403198242,503.700012207031,0.003020197075,114046440,681,5406203392.0,29610900.0,1241855744.0,2465467.0,0.0362733525
2294,2,633275294,False,0.599355399608612,5710,2760,5760,0.00631880328832068,0.0186714790761471,9.53914260864258,510.893798828125,0.0048819490125,114046440,310,27008858112.0,213441296.0,2036046976.0,3985264.5,0.2614655876
2295,1,633276497,False,0.3607277572155,10500,3640,4920,0.000646487547496686,1.76862755738251e-05,0.0100630801137372,568.976779296041,0.00049948053453865,114046440,528,7925871602688.0,23053989528.0,231994143.561523,407739.211868286,28.2411371718
2296,1,633276052,False,0.0,0,0,0,0.0,0.0,0.0,0.0,0.0,114046440,196,12892695552.0,99129600.0,0.0,0.0,0.12143376
2297,2,633275877,False,0.0590608306229115,11240,4020,9530,2.17640032227338e-06,5.96719644363475e-07,0.000107968771771993,180.93717956543,1.68150121459961e-06,114046440,1064,800302366720.0,2300333312.0,248364.15625,1372.65405273438,2.8179083072
2298,3,633277687,True,0.954836845397949,6720,6250,6700,0.000622961240228873,0.241254567547199,607.050686716095,2516.22463726964,0.0004813039546875,114046440,1099,1732484096.0,1628575.125,988627648.0,392901.1875,0.001995004528125
2299,2,633275624,False,0.694647789001465,3940,3110,6160,0.00146964024263577,0.00205452041700482,1.58692240715027,772.4052734375,0.001135453725,114046440,772,180442857472.0,451152000.0,715943232.0,926901.0,0.5526612
2300,1,633276604,False,0.534167230129242,6230,5730,3910,0.00421503671767309,0.00195156340487301,1.4437997341156,739.817016601562,0.0032565651125,114046440,342,344811175936.0,1362200448.0,1966744704.0,2658420.5,1.6686955488
2301,3,633277237,False,0.00868528988212347,9230,3740,10560,5.0162140126908e-08,1.58869743849513e-07,7.91469690581108e-05,498.18780555901,3.87555996417999e-08,114046440,540,39809806336.0,199139392.0,15761.279296875,31.6372241973877,0.2439457552
2302,3,633277517,False,0.466975390911102,5250,5570,7140,0.00207922072434293,0.0068711564299839,4.09520365689566,595.999188582766,0.00160641961757812,114046440,908,23738272768.0,190850400.0,781571256.0,1311362.953125,0.23379174
2303,3,633276919,False,0.294847369194031,7420,2590,5830,9.65270886578605e-05,4.67789522394653e-05,0.0593352643446567,1268.41798509968,7.45774640625e-05,114046440,108,45229305856.0,1301430656.0,77220732.0,60879.5625,1.5942525536
2304,2,633275640,False,1.0,7390,3310,5950,0.526629755101285,0.157250255346298,206.735580444336,1314.69152832031,0.4068776152,114046440,795,1324624692224.0,2112206336.0,436668203008.0,332144992.0,2.5874527616
2305,1,633276588,False,0.525776922702789,2680,2620,4770,3.51545513809476e-05,5.03053779539187e-05,0.121254347264767,2410.36572265625,2.71606377929687e-05,114046440,363,154850770944.0,440747104.0,53442504.0,22171.94921875,0.5399152024
2306,3,633277120,False,0.989645183086395,5740,4150,6790,0.0811412577924534,0.0424120515974331,40.8967508736518,964.2719305785,0.0626902698625,114046440,351,361413967872.0,1206631808.0,49347320448.0,51175730.5,1.4781239648
2307,3,633277162,False,0.722858071327209,8120,4260,7840,0.0147062311006299,0.0586742940739982,53.3271748157257,908.867770074425,0.0113621309484375,114046440,560581563,46952814592.0,158079600.0,8429938464.0,9275208.9375,0.19364751
2308,1,633276839,False,1.0,7300,3070,5140,1.43997271657097,0.00452575817915286,3.55508326327284,785.522142930378,1.11253239908326,114046440,8,56311643742571.7,200671285912.0,713403129965.189,908189713.537355,245.8223252422
2309,3,633277257,False,0.0,0,0,0,0.0,0.0,0.0,0.0,0.0,114046440,573,64335632384.0,161175600.0,0.0,0.0,0.19744011
2310,2,633275113,False,0.833360612392426,4600,5730,6930,0.0538158749293981,0.0171369183808565,15.055139541626,878.520812988281,0.0415784992,114046440,56,711061471232.0,1980614656.0,29818429440.0,33941632.0,2.4262529536
2311,2,633275760,False,0.994658768177032,6220,1810,6850,0.0342836969792038,0.0381886474788189,30.0005378723145,785.587890625,0.02648780995,114046440,940,106221605888.0,566207616.0,16986532864.0,21622702.0,0.6936043296
2312,3,633276853,False,0.651850402355194,7080,1490,3300,0.00382429614085537,0.0115067158870733,7.85200165026326,682.38424649767,0.00295467637089844,114046440,9,68376012623.875,209615040.0,1645897640.0,2411980.7109375,0.256778424
2313,1,633276191,False,0.277221411466599,12550,6930,4490,8.34150423032859e-05,0.00022795915720053,0.0803645327687263,352.539154052734,6.44470107421875e-05,114046440,955,18021103616.0,230786096.0,18547016.0,52609.8046875,0.2827129676
2314,3,633277150,False,0.617538750171661,7650,700,7700,0.000415622674491079,0.000367492080388688,0.271312903563174,738.282314209908,0.000321112814044189,114046440,394,222096547584.0,713302200.0,193528091.0,262132.909423828,0.873795195
2315,1,633276737,False,0.602324604988098,7620,2920,5680,0.000870131642442309,0.0232469756156206,14.6101408004761,628.474914550781,0.000672269434375,114046440,158,3445821696.0,23607000.0,344901600.0,548791.375,0.028918575
2316,3,633277662,False,0.245316445827484,10660,5670,9100,0.000140840906713895,3.18818256962734e-06,0.00159092719839505,499.007557958328,0.000108814611577225,114046440,1073,8874098491392.0,27861721344.0,44325970.2802734,88828.2543487549,34.1306086464
2317,2,633275863,False,0.460798054933548,7260,990,7070,8.38609449555976e-05,0.000847898074425757,0.723760008811951,853.593139648438,6.47915180664062e-05,114046440,1046,20717686784.0,62379000.0,45147424.0,52891.03515625,0.076414275
2318,1,633276163,False,0.172741502523422,10530,3540,4450,4.28786140630725e-05,2.19030425796518e-05,0.0125418715178967,572.608642578125,3.31282994628906e-05,114046440,984,512504823808.0,1234691968.0,15485348.0,27043.509765625,1.5124976608
2319,2,633275522,False,0.422425985336304,10230,1860,5950,0.00012657345184201,0.0097719244658947,7.82311058044434,800.570129394531,9.779148203125e-05,114046440,633,2520966144.0,8169300.0,63909336.0,79829.78125,0.0100073925
2320,1,633275244,False,0.0,0,0,0,0.0,0.0,0.0,0.0,0.0,114046440,312782612,25366179840.0,65832300.0,0.0,0.0,0.0806445675
2321,3,633276963,False,0.212159723043442,6190,5220,10130,0.000285288195272919,0.000248771079738808,0.146202572505514,587.699231996805,0.000220415537506103,114046440,163,188240117760.0,723279616.0,105745340.5,179931.051025391,0.8860175296
2322,3,633277530,False,0.5920649766922,8920,5700,6610,0.0099775184913482,0.00789412366630641,2.2463648972895,284.56165525724,0.0077086964609375,114046440,924,33180601344.0,797151616.0,1790693408.0,6292813.4375,0.9765107296
2323,1,633276358,False,0.50579696893692,11870,3740,4010,0.000127697130241948,2.58620148088085e-05,0.0109226498752832,422.343322753906,9.8659643359375e-05,114046440,728,311146348544.0,3114161152.0,34014892.0,80538.484375,3.8148474112
2324,2,633275304,True,1.0,6100,1360,7040,0.0434635763642653,0.911817717449139,3933.1871013089,4313.56731289693,0.0335802451871603,114046440,322,121646846852.875,30063514.3693314,118245426937.469,27412445.0507431,0.0368278051024309
2325,2,633275709,False,0.780824780464172,7210,930,6330,0.000640811913486256,0.000236388836738162,0.178227373311096,753.958502315028,0.00049509550234375,114046440,879,511677418545.438,1709723688.0,304719562.0,404159.59375,2.0944115178
2326,3,633277479,True,1.0,6400,5300,6890,0.0106205486722075,0.540705276132303,1808.16809480108,3344.09182713181,0.00820550581125488,114046440,856,28010124524.0,12388212.9257812,22399971364.0,6698372.09082031,0.015175560834082
2327,1,633275945,False,0.24679172039032,7300,4160,2520,4.45987441634661e-05,3.37739147653338e-05,0.0256734900176525,760.157348632812,3.44572833007812e-05,114046440,484682520,95053275136.0,832843776.0,21382006.0,28128.39453125,1.0202336256
2328,1,633276200,False,0.188576892018318,4990,5520,2630,3.3018095794936e-05,2.54297719948227e-05,0.0136677138507366,537.468994140625,2.55099981445312e-05,114046440,952,205397000192.0,818901888.0,11192517.0,20824.48828125,1.0031548128
2329,1,633276289,False,0.0,0,0,0,0.0,0.0,0.0,0.0,0.0,114046440,838,113187840000.0,288421184.0,0.0,0.0,0.3533159504
2330,2,633275172,True,1.0,6880,5860,6360,0.00214795680864759,0.858079410277142,2729.90455704437,3181.4124944015,0.00165952556875,114046440,141,4632718848.0,1578775.5,4309906432.0,1354714.75,0.0019339999875
2331,3,633277651,False,0.741956293582916,5470,4750,9530,0.000907323337328412,0.000359569204113156,0.206213339875048,573.501116102683,0.00070100398264904,114046440,1057,469482899456.0,1591482648.0,328184952.197266,572248.149101257,1.9495662438
2332,2,633275892,False,0.0970952287316322,9120,3010,8070,1.07432818041016e-05,1.64257144206204e-05,0.00552232982590795,336.200256347656,8.30033023681641e-06,114046440,1084,126462836736.0,412510496.0,2278019.0,6775.77978515625,0.5053253576
2333,3,633276992,False,0.479138314723969,12530,4880,5790,0.00153876277797027,0.0204290974379863,10.2796921626082,503.188757790833,0.00118885825078125,114046440,207,7845458176.0,47505600.0,488342944.0,970496.53125,0.05819436
2334,3,633277241,False,0.708856463432312,6420,5970,8630,0.00591799586435531,0.0134074585038989,12.1148425803196,903.589787490043,0.00457228255852966,114046440,544,95226232832.0,278388000.0,3372626796.25,3732475.5579834,0.3410253
2335,3,633277695,False,0.614446520805359,13020,6400,6100,0.0061982587103755,0.00466486600276989,2.36020352732118,505.953124038235,0.004788815478125,114046440,1107,103841980416.0,838017024.0,1977890736.0,3909237.125,1.0265708544
2336,2,633275469,False,0.850746393203735,7040,3480,5980,0.127245311289205,0.150364877476984,166.422566363872,1106.79148718986,0.0983105650625,114046440,571,285446070272.0,533725188.0,88823915520.0,80253522.5,0.6538133553
2337,1,633276053,False,0.0,0,0,0,0.0,0.0,0.0,0.0,0.0,114046440,1139,8225144832.0,26278200.0,0.0,0.0,0.032190795
2338,1,633276201,False,0.0,0,0,0,0.0,0.0,0.0,0.0,0.0,114046440,951,257532690432.0,561608128.0,0.0,0.0,0.6879699568
2339,3,633277379,False,0.264989018440247,9140,5970,8830,4.78280781491245e-05,3.67699245824084e-05,0.024161648716554,657.103570131159,3.69522879943848e-05,114046440,727,223229386752.0,820375168.0,19821616.625,30165.1330566406,1.0049595808
2340,2,633275811,False,0.606822669506073,7530,4600,10190,0.000120509089061256,0.000318798323860392,0.282450318336487,885.984313964844,9.31061154296875e-05,114046440,988,78814986240.0,238410896.0,67339232.0,76004.9921875,0.2920533476
2341,3,633277350,True,0.635678708553314,6800,5330,6370,1.93865011603954e-05,0.936552946859629,3162.61323960599,3376.86539795812,1.49781384033203e-05,114046440,690,42459456.0,13055.376953125,41289108.0,12227.0517578125,1.59928367675781e-05
2342,1,633276478,False,0.333113074302673,6780,5220,3060,0.000341574078843667,0.000640014244709164,0.497654646635056,777.568054199219,0.000263902381640625,114046440,559,104699019264.0,336602688.0,167511888.0,215430.515625,0.4123382928
2343,3,633277629,False,0.15354710817337,8230,2410,9450,3.95292194663493e-05,4.52482591873826e-05,0.0383853121758842,848.32682771115,3.05405351509094e-05,114046440,1027,185614409728.0,550983608.0,21149677.796875,24931.0491027832,0.6749549198
2344,2,633275246,False,0.60652631521225,10270,5090,5810,0.00361030633388668,0.0520740859210491,21.4904823303223,412.690551757812,0.0027893464375,114046440,238,6006967808.0,43726500.0,939703616.0,2277017.5,0.0535649625
2345,1,633276359,False,0.0587269552052021,9700,2800,2520,2.01351455150265e-06,3.09595452563372e-06,0.00163557520136237,528.294311523438,1.55565459594727e-06,114046440,727,110670438400.0,410187584.0,670892.625,1269.92211914062,0.5024797904
2346,1,633276091,False,0.991309821605682,7530,2630,5400,0.0151199961592727,0.0435938406312612,41.0812891938705,942.364531295989,0.01168180855625,114046440,1083,39445050368.0,218750404.0,8986548608.0,9536170.25,0.2679692449
2347,2,633275257,False,0.171668857336044,7150,2950,9800,0.000109201091940175,0.000446127611212432,0.359623700380325,806.100463867188,8.4369482421875e-05,114046440,252,67513704448.0,154379696.0,55518596.0,68873.046875,0.1891151276
2348,1,633276473,False,0.729719936847687,5820,4840,5670,0.0820910298101379,0.0970063848663631,78.8642001433892,812.979478124385,0.063424069975,114046440,571,196403339264.0,533725188.0,42091810048.0,51774751.0,0.6538133553
2349,2,633275370,False,0.670206725597382,6300,6090,7800,0.0310039784805335,0.0214207489043474,16.3141040802002,761.602905273438,0.02395387785,114046440,403,235359305728.0,912861888.0,14892524544.0,19554186.0,1.1182558128
2350,2,633275912,False,0.441517442464828,4310,3620,8490,0.000428151124962431,0.000363313039997593,0.235789597034454,648.998474121094,0.00033079237734375,114046440,1102,235097784320.0,743256000.0,175252032.0,270034.59375,0.9104886
2351,1,633276270,False,0.611311495304108,8400,4850,5670,0.00663202230633012,0.0153423063457012,6.26271486282349,408.199035644531,0.0051239440875,114046440,863,16089947136.0,272632512.0,1707419648.0,4182811.5,0.3339748272
2352,2,633275557,False,0.0467020981013775,7580,2150,9700,9.15726817537592e-07,9.68575841397978e-06,0.00925998110324144,956.040832519531,7.07496566772461e-07,114046440,678,26427734016.0,59628600.0,552159.6875,577.548217773438,0.073045035
2353,2,633275509,False,0.731640875339508,3270,4230,6270,0.000236183935619365,0.00070260331267491,0.748621165752411,1065.49621582031,0.00018247726328125,114046440,620,66796179456.0,212012992.0,158717408.0,148961.03125,0.2597159152
2354,2,633275603,False,0.881748497486115,6710,6310,6730,0.0122486524470662,0.0625786944324826,59.884290084199,956.943743030775,0.00946338950429687,114046440,737,29685398208.0,123448020.0,7392597040.0,7725215.921875,0.1512238245
2355,3,633277456,False,0.999979794025421,6940,5800,6280,0.0483670496841618,0.090552511385163,128.780234639915,1422.1608287831,0.03736870095,114046440,830,160641737216.0,336877040.0,43383104256.0,30505062.0,0.412674374
2356,3,633277738,False,0.739023149013519,5220,2890,6020,0.0392778431525547,0.0488376680326845,38.499053137956,788.306540602851,0.03034632015625,114046440,250,120218451968.0,507241792.0,19528328704.0,24772506.25,0.6213711952
2357,2,633275875,False,0.610517084598541,7990,2750,6310,0.0135684908281131,0.13130547106266,159.508819580078,1214.79187011719,0.010483105325,114046440,1061,36870950912.0,65173500.0,10395748352.0,8557637.0,0.0798375375
2358,2,633276691,False,0.176022797822952,8080,1660,8620,8.35891298336863e-05,0.00410809554159641,1.98723268508911,483.735748291016,6.45815119140625e-05,114046440,312782624,2841153536.0,12833100.0,25502356.0,52719.6015625,0.0157205475
2359,3,633277676,False,0.715299129486084,6230,2110,6820,0.00934845420359705,0.000153635432821736,0.119828994327105,779.956759494039,0.0072226772515625,114046440,1089,11527704930816.0,38376974336.0,4598674240.0,5896063.0625,47.0117935616
2360,2,633275832,False,1.0,7050,3080,6370,0.511884521159811,0.0157009847462177,16.1795749664307,1030.48156738281,0.3954853504,114046440,1009,2404655608361.09,20562098176.0,332686000128.0,322845184.0,25.1885702656
2361,1,633276397,False,0.243907764554024,6850,620,3740,5.65403386361899e-05,0.000187014331459068,0.106795467436314,571.054992675781,4.36834377929687e-05,114046440,670,62252040192.0,190680304.0,20363792.0,35659.94921875,0.2335833724
2362,2,633275905,True,1.0,6530,5900,6570,0.809021439837644,0.887358903884888,3671.57397460938,4137.642578125,0.6250552896,114046440,1097,2197100691456.0,575020096.0,2111228870656.0,510249216.0,0.7043996176
2363,1,633276771,False,0.506302952766418,9670,3870,5440,0.000306558900299514,0.0591979622840881,71.899055480957,1214.55285644531,0.00023684942421875,114046440,115,1250796800.0,3266100.0,234829504.0,193346.46875,0.0040009725
2364,2,633275359,False,0.644674062728882,6380,1910,6730,0.00156607457710069,0.00021536584245041,0.208076566457748,966.154052734375,0.0012099595265625,114046440,382,1683261489152.0,4586252288.0,954291648.0,987722.0625,5.6181590528
2365,1,633276223,False,0.0,0,0,0,0.0,0.0,0.0,0.0,0.0,114046440,927,1972971392.0,11122200.0,0.0,0.0,0.013624695
2366,3,633277540,False,0.446537882089615,3560,2200,5730,0.0086375753703366,0.00999087832127942,6.36241703556864,636.822592666095,0.00667344758580322,114046440,935,167375626240.0,545268608.0,3469226280.5,5447712.31494141,0.6679540448
2367,1,633276190,False,0.556533992290497,4250,3900,5510,0.000162266883035023,0.000131741748191416,0.071533165872097,542.980224609375,0.000125368461914062,114046440,956,107163062272.0,776835008.0,55569468.0,102341.6015625,0.9516228848
2368,2,633275690,False,0.575787127017975,9030,1540,5980,0.0181425758555897,0.0395832397043705,33.7817687988281,853.436157226562,0.014017073525,114046440,851,97202282496.0,289074592.0,9765450752.0,11442509.0,0.3541163752
2369,3,633276892,False,0.999958574771881,5970,3960,6320,0.0131252772546259,0.0570893417632838,229.394530712941,4018.167378144,0.0101406756007812,114046440,64,87543173120.0,145002592.0,33262801544.0,8278102.53125,0.1776281752
2370,2,633275320,False,0.999956846237183,6180,1010,6960,0.133046761021805,0.081570371398768,99.0137594406929,1213.84465637223,0.1027928033125,114046440,337,520954162560.0,1028712890.0,101856730624.0,83912492.5,1.26017329025
2371,3,633277180,False,0.464709907770157,7430,2050,5790,0.00172918203262222,0.00127047445682284,0.543104467637009,427.481611078735,0.0013359774203125,114046440,443,112831639552.0,858414592.0,466208800.0,1090593.8125,1.0515578752
2372,2,633275569,False,0.0,0,0,0,0.0,0.0,0.0,0.0,0.0,114046440,692,23540959232.0,75768304.0,0.0,0.0,0.0928161724
2373,2,633275372,False,0.147205680608749,8950,1730,9000,3.36940369050705e-05,3.85305851450131e-05,0.025713981950643,667.365467040438,2.60322346954346e-05,114046440,409,195093910016.0,551530784.0,14182052.625,21250.8038330078,0.6756252104
2374,1,633276109,False,0.211632877588272,4620,4790,1550,0.000147062133189784,0.000116560463091216,0.0328897091402854,282.168655374568,0.000113621172102165,114046440,1057,225950967552.0,795741324.0,26171700.6972656,92751.9772262573,0.9747831219
2375,3,633277761,False,0.491498559713364,8450,5200,5440,0.000727271679062979,0.0267198922981254,29.7505887013153,1113.42472377415,0.000561894886328125,114046440,607344862,6444923904.0,17166600.0,510716456.0,458689.703125,0.021029085
2376,2,633275473,False,0.503079473972321,10560,6360,6850,0.000355113044704094,0.0884346216917038,65.327751159668,738.712341308594,0.00027436267578125,114046440,576,724255808.0,2532600.0,165449056.0,223969.53125,0.003102435
2377,3,633277404,False,0.182347699999809,5070,6100,5720,1.52474246547665e-05,0.00123326912211971,0.551559518313327,447.233704647792,1.17802606506348e-05,114046440,763,646816928.0,7797600.0,4300840.5,9616.53930664062,0.00955206
2378,3,633277623,False,0.703515768051147,7530,3310,7240,0.0259932118099445,0.0145418988217918,11.2900867504019,776.38325563668,0.0200825265381836,114046440,1020,302625865728.0,1127356160.0,12727948845.0,16393899.2148438,1.381011296
2379,2,633275300,False,0.257184594869614,10890,5000,5850,0.000123554667040798,0.00997514557093382,6.07356929779053,608.870239257812,9.54591490234375e-05,114046440,318,2017253248.0,7812000.0,47446724.0,77925.8359375,0.0095697
2380,3,633277165,False,0.701996147632599,7900,4350,6790,0.018468273285441,0.0959259708777842,108.82355050228,1134.45346975876,0.014268709503125,114046440,422,48065776640.0,121426200.0,13214030208.0,11647926.125,0.148747095
2381,3,633277763,False,0.323815286159515,9010,5060,5790,0.000405071867624391,0.0148854234945814,11.1350594884344,748.051239018348,0.000312961191210937,114046440,607344854,4844193664.0,17163000.0,191111026.0,255478.5234375,0.021024675
2382,2,633275327,False,0.712036192417145,6230,4870,9820,0.000450252041099491,0.000838523264974356,0.611733734607697,729.536926269531,0.000347867690625,114046440,344,102155616256.0,338659200.0,207169248.0,283973.625,0.41485752
2383,2,633275423,False,0.728220403194427,7680,6010,6310,0.0141350017401682,0.0366777385881558,38.2664602045322,1043.31569168469,0.0109207953845703,114046440,491,71090982656.0,243061196.0,9301091584.0,8914935.0078125,0.2977499651
2384,1,633276371,False,0.226578384637833,4480,5450,1860,2.12262978573719e-05,0.00011972618085565,0.0398353673517704,332.720581054688,1.63995774414062e-05,114046440,704,26713106432.0,111816896.0,4454267.0,13387.41015625,0.1369756976
2385,3,633276939,False,0.58616042137146,5210,6760,5860,0.00279401497014067,0.0132611432328353,6.20563508404373,467.956267049303,0.00215867435683594,114046440,133,18787023872.0,132883200.0,824624648.0,1762183.1484375,0.16278192
2386,2,633275081,False,0.585648357868195,6460,1500,6800,0.00362937802294359,0.0218405108898878,14.9619817733765,685.056396484375,0.00280408135,114046440,9,35039747919.875,104807344.0,1568125568.0,2289046.0,0.1283889964
2387,1,633276208,False,0.087748110294342,4500,1530,4110,5.3636350000306e-06,2.03763306672045e-06,0.00153103959746659,751.381408691406,4.14397970581055e-06,114046440,943,587054710784.0,1660181376.0,2541803.5,3382.84057617188,2.0337221856
2388,1,633276685,False,0.440179079771042,9560,4470,5430,0.000548172127289635,0.0178407207131386,7.64988374710083,428.787841796875,0.00042352139375,114046440,231,2789928448.0,19378800.0,148245568.0,345731.75,0.02373903
2389,3,633277153,False,0.56183260679245,9990,6020,7150,0.00301569801308163,0.00235169464480651,1.01230977587981,430.45970194957,0.00232994813498535,114046440,398,93270626304.0,808777824.0,818733697.75,1901998.47753906,0.9907528344
2390,3,633277214,False,0.997944891452789,6040,1590,6870,0.393620710477556,0.0112862890029631,8.96377705331106,794.218281222262,0.304113951824912,114046440,500,7691051363619.0,21996272392.0,197169681725.789,248256287.20401,26.9454336802
2391,2,633275147,False,0.712036192417145,6230,4870,9820,0.00113808427624023,0.000655166926527971,0.444725702284179,678.797546513807,0.000879291402978516,114046440,111,288697382528.0,1095581708.0,487233344.5,717788.900390625,1.3420875923
2392,3,633277248,False,0.599749267101288,7540,6300,5880,0.00888653238934027,0.0433946332090855,29.5746046832852,681.526780991276,0.00686579341738281,114046440,557,28868350720.0,129157200.0,3819773132.0,5604729.3203125,0.15821757
2393,3,633277336,False,0.754680037498474,4320,5140,7050,0.193717584314117,0.00521749546368841,3.94315855331492,755.756968215431,0.149667480738672,114046440,672,7083445452800.0,23416893440.0,92336523660.0,122177535.296875,28.685694464
2394,2,633275114,False,0.679108738899231,8510,4960,6880,0.00437173105316196,0.14131686091423,230.604598999023,1631.82653808594,0.0033776281875,114046440,58,12816335872.0,19511100.0,4499349504.0,2757247.5,0.0239010975
2395,3,633277056,False,0.255806416273117,7400,320,7260,9.35046434848521e-05,0.00048167349150605,0.277059743110994,575.202389163477,7.22423030273437e-05,114046440,281,30087981056.0,122434200.0,33921588.0,58973.30859375,0.149981895
2396,3,633277648,False,0.763142168521881,9630,4050,7240,0.0902764739712297,0.0708847797690131,56.9000180390012,802.711360949657,0.0697481980125,114046440,1052,206102294528.0,803237376.0,45704221184.0,56937304.5,0.9839657856
2397,3,633277103,False,0.999956846237183,6180,1010,6960,0.136040759444685,0.0411086886800708,49.3256152531058,1199.88296481513,0.105105986201263,114046440,337,916993393024.0,2087169594.0,102950924361.625,85800805.0622559,2.55678275265
2398,2,633275549,False,0.617538750171661,7650,700,7700,0.00111911593774807,0.00011645908895821,0.0907399840497562,779.157598273132,0.000864636339805131,114046440,669,2109131710336.0,6060717028.0,549949366.450806,705825.583514392,7.4243783593
2399,2,633275726,False,0.118893772363663,12750,4910,7090,9.60220502527289e-06,6.57373238936998e-05,0.0301991850137711,459.391754150391,7.41872680664062e-06,114046440,903,16956347392.0,92125800.0,2782124.0,6056.103515625,0.112854105
2400,3,633276987,False,0.237842425704002,6190,1520,8870,0.000178696105717763,8.26007981636556e-05,0.0591919371037865,716.602483507611,0.0001380617875,114046440,201,498705629184.0,1364435968.0,80763608.0,112703.5,1.6714340608
2401,2,633275711,True,1.0,6140,1770,6920,0.00160741965950921,0.901175320148468,3517.7294921875,3903.49072265625,0.001241903009375,114046440,882,4107335168.0,1124973.5,3957352448.0,1013798.375,0.0013780925375
2402,3,633276975,False,0.700686991214752,2400,2800,6570,0.00186257821194608,0.00134026495143727,0.837364021067442,624.774989579093,0.00143904018650513,114046440,184,241778374768.0,876488400.0,733939851.042969,1174726.68286133,1.07369829
2403,2,633275100,False,0.387486070394516,4790,4550,9990,0.000106801225842283,0.000762755225878209,0.382092893123627,500.937744140625,8.2515330078125e-05,114046440,36,21055012864.0,88310704.0,33742892.0,67359.453125,0.1081806124
2404,1,633276521,False,0.667619109153748,5140,3430,3870,0.0258873559447959,0.000806963420473039,0.492784768342972,610.665588378906,0.0200007416,114046440,477,5695931532160.0,20232808448.0,9970419712.0,16327136.0,24.7851903488
2405,3,633277363,False,0.691835105419159,6470,6470,8880,0.0367510856583435,0.00289117611759846,2.15514055532553,745.420018589419,0.0283941306844727,114046440,703,2203270606848.0,8017111808.0,17278002794.0,23178882.1914062,9.8209619648
2406,2,633275449,False,0.00868528988212347,9230,3740,10560,5.0162140126908e-08,3.17739477395662e-07,0.000158293943968602,498.187805175781,3.87555996417999e-08,114046440,540,21506920448.0,99569696.0,15761.279296875,31.6372241973877,0.1219728776
2407,2,633275770,False,0.0262936782091856,1900,3800,5810,1.08922973747835e-06,0.000113688874989748,0.00623310031369328,54.8259506225586,8.41546064758301e-07,114046440,949,368908224.0,6042600.0,37664.1328125,686.976379394531,0.007402185
2408,3,633277132,False,1.0,7420,5570,6700,0.0612265433168268,0.279564610377688,697.363016614342,2494.46099659114,0.047304030375,114046440,364,152614955008.0,138127408.0,96324945920.0,38615535.0,0.1692060748
2409,1,633276553,False,0.246903821825981,6440,2180,5200,7.07630384128881e-05,0.000208388242754154,0.28581178188324,1371.53515625,5.46719892578125e-05,114046440,423,87534960640.0,214168496.0,61211880.0,44630.1953125,0.2623564076
2410,2,633275578,False,0.581266522407532,11500,4870,6100,0.00499870969388892,0.00218426658502149,1.50552348853648,689.258123921566,0.00386203601225586,114046440,701,316923043840.0,1443359744.0,2173011997.0,3152682.45898438,1.7681156864
2411,3,633276999,False,0.697755455970764,8210,3440,6850,0.0574417758592626,0.0315463275773614,25.4889389753327,807.98434977339,0.044379894125,114046440,215,347632713728.0,1148421632.0,29272048896.0,36228485.0,1.4068164992
2412,2,633275175,False,0.426501363515854,10480,3670,6280,0.00142581656207135,0.00207892549224198,1.5335727930069,737.675720214844,0.0011015952609375,114046440,145,24828358656.0,432560704.0,663363328.0,899261.4375,0.5298868624
2413,2,633276042,True,0.679817378520966,6130,1870,6860,0.000314139325904604,0.699455261230469,2806.80615234375,4012.845703125,0.0002427061109375,114046440,484682516,899453632.0,283259.625,795054848.0,198127.4375,0.000346993040625
2414,2,633275216,False,0.401586711406708,11820,6140,6830,0.00122703471424496,0.0280565656721592,15.4326076507568,550.053344726562,0.000948015096875,114046440,203,6169796608.0,27583200.0,425680704.0,773889.875,0.03378942
2415,1,633276510,False,0.244892150163651,7740,2050,5130,7.84838959471197e-05,5.24357528774999e-05,0.0474078133702278,904.1123046875,6.0637174609375e-05,114046440,502,323982131200.0,944007296.0,44753320.0,49499.734375,1.1564089376
2416,2,633275777,False,0.222009763121605,12540,4820,5770,7.66964949021038e-06,4.90497859573225e-06,0.00436410494148731,889.729675292969,5.9256216796875e-06,114046440,957,396097945600.0,986190272.0,4303838.0,4837.2421875,1.2080830832
2417,2,633275850,False,0.875073730945587,6770,5570,7350,0.0211354080137962,0.069934144616127,57.231689453125,818.365478515625,0.01632935535,114046440,1031,38514021790.25,190609120.0,10908881920.0,13330086.0,0.233496172
2418,2,633275878,False,0.899682700634003,8970,5090,6690,0.998507351087045,0.0293546128846429,19.514735486613,664.792806612766,0.771453351874942,114046440,1065,3855369214016.0,21453454036.0,418658480786.75,629757838.265259,26.2804811941
2419,1,633276324,False,0.0,0,0,0,0.0,0.0,0.0,0.0,0.0,114046440,786,9077821440.0,40391100.0,0.0,0.0,0.0494790975
2420,2,633275759,True,1.0,6230,1750,6910,0.00448589798757134,0.837759077548981,3442.36547851562,4109.01611328125,0.0034658343125,114046440,940,12321868800.0,3377167.25,11625444352.0,2829252.5,0.00413702988125
2421,1,633276047,False,0.16140104830265,8100,4150,3350,1.08453324743167e-05,0.000675569695886225,0.369409799575806,546.812255859375,8.37917525634765e-06,114046440,563807439,1897272960.0,10125000.0,3740274.25,6840.14306640625,0.012403125
2422,3,633276982,False,1.0,7190,5490,6710,0.339121037044431,0.136415653793274,270.921641598219,1986.00112278007,0.2620071454,114046440,194,906121379840.0,1567880064.0,424772640768.0,213883384.0,1.9206530784
2423,3,633276878,False,0.785551071166992,3670,4070,6130,0.0014075415911036,0.00116824233770198,0.789956704586841,676.192497988682,0.00108747589807739,114046440,44,202064005120.0,759889792.0,600280035.9375,887735.427001953,0.9308649952
2424,3,633277345,False,0.999992847442627,6400,4820,6990,0.0894657583261134,0.0737372642126735,115.515337438193,1566.58019078417,0.06912183376875,114046440,685,321548484608.0,765230272.0,88395833088.0,56425986.75,0.9374070832
2425,3,633277272,False,0.096600167453289,10350,1840,8770,8.67830362900079e-06,4.8135276480099e-06,0.00201922480427962,419.489603454224,6.70491450653076e-06,114046440,593,292801675264.0,1137086976.0,2296034.2265625,5473.39959716797,1.3929315456
2426,3,633277699,False,0.692275881767273,6840,1370,7940,0.00512722001195765,0.0101784070364143,10.1911824598605,1001.25514959271,0.00396132392988281,114046440,1111,130686819207.188,317705296.0,3237792640.0,3233733.8203125,0.3891889876
2427,1,633276753,False,0.403843820095062,8340,4040,3960,0.00255351185154269,0.00116371429160055,0.659299861014262,566.547876719355,0.00197286006435547,114046440,138,327491856384.0,1383929048.0,912424229.0,1610498.01171875,1.6953130838
2428,1,633276065,False,0.107456095516682,8280,1790,1790,5.47739878257672e-06,7.37083246349357e-05,0.0686996281147003,932.046997070312,4.23187435302734e-06,114046440,1114,18051268608.0,46868400.0,3219841.5,3454.59130859375,0.05741379
2429,3,633277706,False,0.525243639945984,11020,4410,7810,0.000126130158211051,0.000101748944137712,0.0143111375447096,140.651459983115,9.74489904541016e-05,114046440,1123,7314441536.0,781828224.0,11188851.25,79550.1962890625,0.9577395744
2430,2,633275868,False,0.763142168521881,9630,4050,7240,0.078741504664412,0.123655125498772,104.315673828125,843.601745605469,0.0608362048,114046440,1052,140478185472.0,401618688.0,41895124992.0,49662208.0,0.4919828928
2431,1,633276627,False,0.103673361241817,4930,4980,2140,1.4410937957628e-05,4.63528704131022e-05,0.0237629469484091,512.653198242188,1.11339855224609e-05,114046440,314,51025104896.0,196082096.0,4659488.5,9088.9677734375,0.2402005676
2432,2,633275900,False,0.970981121063232,6190,4550,7240,0.0101452990339175,0.128524526953697,233.508361816406,1816.83874511719,0.0078383248125,114046440,1092,27900223488.0,49785300.0,11625283584.0,6398632.5,0.0609869925
2433,1,633276765,False,0.292206227779388,10460,7020,4520,2.69299839521604e-05,0.000103143800515682,0.0456111431121826,442.209259033203,2.08062828613281e-05,114046440,122,15175127040.0,164670304.0,7510800.5,16984.720703125,0.2017211224
2434,1,633276592,False,0.398408472537994,7030,5680,4310,0.000470842728710409,0.0529794059693813,30.3204402923584,572.30615234375,0.00036377619140625,114046440,356,1380575232.0,5605200.0,169952128.0,296960.15625,0.00686637
2435,1,633276401,False,0.0,0,0,0,0.0,0.0,0.0,0.0,0.0,114046440,664,117836783616.0,442416608.0,0.0,0.0,0.5419603448
2436,1,633276535,False,0.00967910420149565,4570,1670,2670,3.18531265353298e-07,9.70898895502614e-07,0.000101549798273481,104.593589782715,2.46099352264404e-07,114046440,450,53473554432.0,206919008.0,21012.583984375,200.897430419922,0.2534757848
2437,3,633277035,False,0.997993230819702,5750,4150,6500,0.0144233012071125,0.0243200676465152,78.909907311764,3244.6417690401,0.0111435374503906,114046440,255,174663237632.0,374043584.0,29515744544.0,9096765.265625,0.4582033904
2438,2,633275444,False,0.708305537700653,7960,2570,6080,0.00363631437175697,0.116390116512775,152.702163696289,1311.98571777344,0.00280944041875,114046440,531,11704336384.0,19704600.0,3008935168.0,2293420.75,0.024138135
2439,3,633276884,False,0.139391705393791,9260,5700,9570,4.88713023047069e-05,2.60028859445876e-05,0.0155365737530747,597.494208380689,3.775828984375e-05,114046440,52,307808346112.0,1185372032.0,18416620.0,30823.09375,1.4520807392
2440,1,633276138,False,0.146498173475266,11220,3920,1830,1.19235163547396e-05,1.54655005258806e-06,0.000454792669435922,294.069156491155,9.21218721923828e-06,114046440,1017,1629185310720.0,4862534400.0,2211445.0,7520.15283203125,5.95660464
2441,2,633275698,False,0.635384798049927,8740,4770,6020,0.0228107072925448,0.0527695529162884,32.3858337402344,613.721923828125,0.0176237026,114046440,863,32958457344.0,272632512.0,8829430784.0,14386696.0,0.3339748272
2442,1,633276465,False,0.488626331090927,5820,2720,5500,0.00124499186654114,0.00490353582426906,3.00921225547791,613.68212890625,0.0009618889109375,114046440,581,28597510144.0,160132496.0,481872672.0,785215.4375,0.1961623076
2443,2,633275086,False,0.358018666505814,4270,3320,5880,0.00040022859496544,0.0044629005715251,2.58726954460144,579.728271484375,0.000309219246875,114046440,19,6617601024.0,56560500.0,146337264.0,252423.875,0.0692866125
2444,2,633275335,False,0.520303010940552,5580,3100,9500,0.00153122977552054,0.000710846048250799,0.524066214405318,737.242917358695,0.00118303820350448,114046440,353,535704493568.0,1358585976.0,711989009.386475,965745.472248554,1.6642678206
2445,1,633276619,False,0.35845810174942,8500,3370,3680,0.000301852343456204,0.00233875634148717,1.28179717063904,548.06787109375,0.000233213107421875,114046440,325,18785058816.0,81401400.0,104340088.0,190378.046875,0.099716715
2446,2,633275876,False,0.437105804681778,6540,2250,8430,0.000908274326881621,0.00868618674576283,4.07057476043701,468.626190185547,0.0007017387234375,114046440,1062,13117449216.0,65949300.0,268451552.0,572847.9375,0.0807878925
2447,3,633277364,False,0.226578384637833,4480,5450,1860,3.80650393445038e-05,0.00010735225469358,0.0339485702590063,316.235279416415,2.94092999511719e-05,114046440,704,57259905024.0,223633792.0,7592047.5,24007.591796875,0.2739513952
2448,3,633277567,False,0.618895053863525,2140,2280,6670,0.0190121795761097,0.00350223047709628,2.29492466932955,655.275169449237,0.0146889350834228,114046440,962,1144229527552.0,3423808768.0,7857383204.75,11990967.4150391,4.1941657408
2449,1,633276431,False,0.234565377235413,10140,5250,3850,0.000113027821751374,0.000446542660938576,0.2498779296875,559.583557128906,8.73260390625e-05,114046440,621,30803857408.0,159641104.0,39890788.0,71286.5625,0.1955603524
2450,1,633276325,False,0.516755342483521,7000,4540,3220,0.00150905007223019,0.00057235243730247,0.138070464134216,241.233306884766,0.00116590201875,114046440,784,55713671488.0,1662885888.0,229595424.0,951756.75,2.0370352128
2451,2,633275580,False,0.691835105419159,6470,6470,8880,0.0366798311081786,0.00577114103361964,4.3033127784729,745.66064453125,0.02833907895,114046440,703,1080463880192.0,4008556032.0,17250070528.0,23133942.0,4.9104811392
2452,1,633276649,False,0.34961798787117,10600,4380,4980,0.000455473824692443,0.041010607033968,22.2104263305664,541.57763671875,0.000351902075,114046440,280,1706262912.0,7004700.0,155577376.0,287267.0,0.0085807575
2453,1,633276639,False,0.0,0,0,0,0.0,0.0,0.0,0.0,0.0,114046440,295,280977223680.0,855126912.0,0.0,0.0,1.0475304672
2454,3,633276997,False,0.129523932933807,9840,2830,10050,1.62728764975382e-05,3.04933450261829e-05,0.0135230555477382,443.475634966474,1.25725314941406e-05,114046440,312782636,97229094912.0,336574784.0,4551519.5,10263.291015625,0.4123041104
2455,3,633277558,False,0.53723531961441,3520,5430,7360,0.00256582176241138,0.000988068220988917,0.647536309624432,655.355871051434,0.00198237078251953,114046440,952,399024226304.0,1637803776.0,1060537413.0,1618261.86328125,2.0063096256
2456,3,633277776,False,0.457914978265762,8210,6380,5790,9.84264693638477e-05,0.00182097789066304,1.49035121530528,818.434547144678,7.60449380981445e-05,114046440,606826655,5270979328.0,34090200.0,50806371.0,62077.5004882812,0.041760495
2457,2,633275780,False,0.742097318172455,10350,3900,6580,0.022118891615182,0.00316126945274524,1.35141185996807,427.49024724688,0.0170892012539657,114046440,960,397633740736.0,4412900760.0,5963646423.92612,13950368.3705842,5.405803431
2458,2,633275702,False,0.703846514225006,9980,4230,7340,0.0924298037845156,0.115493901073933,107.213752746582,928.306579589844,0.0714118748,114046440,867,203881029632.0,504748800.0,54116012032.0,58295408.0,0.61831728
2459,3,633277556,False,0.0350771546363831,5090,2170,8650,1.06226797920739e-06,7.84624930318073e-07,0.000774088413183771,986.571268988318,8.20715232849121e-07,114046440,950,399658074112.0,853875008.0,660974.75,669.971618652344,1.0459968848
2460,1,633275979,False,0.360359191894531,8920,5380,5390,8.92151646401443e-05,0.00329746468923986,1.70854187011719,518.138000488281,6.89282234375e-05,114046440,607344858,4908488704.0,17064000.0,29154558.0,56267.9375,0.0209034
2461,3,633277156,False,0.670206725597382,6300,6090,7800,0.0315149256547736,0.0108868823757926,8.29380535601898,761.816383215505,0.024348639,114046440,403,465799168000.0,1825723776.0,15142197632.0,19876440.0,2.2365116256
2462,3,633277533,False,0.543017089366913,4010,2770,6780,0.000506215025761852,0.0143528005925087,7.75478376580173,540.297603650208,0.0003911050609375,114046440,927,4314680704.0,22244400.0,172500512.0,319269.4375,0.02724939
2463,3,633277603,False,1.0,7300,3070,5140,10.3998399482949,0.0145763847579963,17.3512878857527,1190.3697778171,8.0349847984,114046440,997,128608074383564.0,449986150400.0,7807839240192.0,6559171264.0,551.23303424
2464,2,633275579,False,0.520303010940552,5580,3100,9500,7.12954707680325e-05,0.000176119894604199,0.66557651758194,3779.1103515625,5.508335e-05,114046440,702,119958151168.0,255314704.0,169931472.0,44966.0,0.3127605124
2465,2,633275604,False,0.723163723945618,7470,4600,6020,0.013107860821618,0.0853458344936371,95.4030685424805,1117.84094238281,0.01012721955,114046440,741,41081581568.0,96866096.0,9241322496.0,8267118.0,0.1186609676
2466,2,633275110,False,0.999989151954651,6540,3260,6410,0.137287403446127,0.120188448471925,142.755842615734,1187.76674822523,0.1060691515625,114046440,51,338794129408.0,720427492.0,102845233664.0,86587062.5,0.8825236777
2467,1,633276824,False,0.553868770599365,7720,3830,3230,6.00963062243025e-05,0.00123104662634432,0.837750494480133,680.518859863281,4.64308017578125e-05,114046440,27,5326792192.0,30789000.0,25793500.0,37902.6953125,0.037716525
2468,2,633275438,False,0.665722668170929,5370,6650,6540,0.0433840661211848,0.109454229474068,105.875282287598,967.301879882812,0.03351881505,114046440,523,114697535488.0,249988496.0,26467602432.0,27362298.0,0.3062359076
2469,1,633276269,False,0.586938738822937,7500,4250,5510,0.0328090303004368,0.00688302793748433,4.84355360387927,703.69518297343,0.0253484727673597,114046440,864,704335931392.0,3006326724.0,14561304638.4688,20692630.8304977,3.6827502369
2470,2,633275584,True,0.0832084715366364,6840,4950,7440,1.2839357945991e-06,0.0960840967014733,232.51843595616,2419.94714982417,9.9197724609375e-07,114046440,709,6466097.0,8427.7978515625,1959618.375,809.77734375,1.03240523681641e-05
2471,2,633275625,False,0.593083024024963,12290,5420,5790,0.00456867674453422,0.0226549729704857,16.4300632476807,725.229858398438,0.003529789725,114046440,773,39752511488.0,127188896.0,2089721600.0,2881461.0,0.1558063976
2472,3,633277288,False,0.472087144851685,9280,6110,6980,0.000970683144988299,0.000939827908140046,0.408778168250168,434.950020859834,0.000749956187097168,114046440,612,111666229248.0,651405568.0,266280374.875,612209.132324219,0.7979718208
2473,2,633275708,False,0.413992196321487,4940,1710,9050,0.00134193971834349,0.00240939273498952,1.45209980010986,602.682922363281,0.001036791459375,114046440,878,95423307776.0,351275392.0,510086944.0,846360.375,0.4303123552
2474,2,633275939,False,0.504768252372742,10710,4720,6040,0.000790024721537295,0.023054514080286,17.3499355316162,752.561279296875,0.0006103783,114046440,599626927,7395929088.0,21612600.0,374977216.0,498268.0,0.026475435
2475,2,633275276,False,0.255806416273117,7400,320,7260,9.35046434848521e-05,0.000963346974458545,0.554119467735291,575.202392578125,7.22423030273437e-05,114046440,281,16923739136.0,61217100.0,33921588.0,58973.30859375,0.0749909475
2476,2,633275484,False,0.253440827131271,7030,1220,6340,0.000136391820092779,0.000289755640551448,0.182465136051178,629.720764160156,0.00010537721796875,114046440,590,101497225216.0,296878496.0,54169976.0,86022.21875,0.3636761576
2477,1,633276331,False,0.0750554576516151,9950,1830,3350,2.96725817787667e-06,5.67175902688177e-06,0.00498843612149358,879.521850585938,2.29252319946289e-06,114046440,774,119868710912.0,329958912.0,1645979.0,1871.44750976562,0.4041996672
2478,3,633277265,False,0.467891842126846,2090,2780,6040,0.00010804165988323,0.000238866713307591,0.125082464510964,523.649623586915,8.34736975830078e-05,114046440,582,79519629312.0,285271200.0,35682424.75,68141.7939453125,0.34945722
2479,3,633276993,False,0.0,0,0,0,0.0,0.0,0.0,0.0,0.0,114046440,312782640,20215344128.0,54568800.0,0.0,0.0,0.06684678
2480,1,633276153,False,1.0,7300,3070,5140,1.53517084846177,0.00429079262539744,3.30765748023987,770.873291015625,1.1860831024,114046440,997,58460779959839.7,225653194752.0,746383474688.0,968231104.0,276.4251635712
2481,1,633276233,False,0.323479622602463,8640,2680,3820,0.000204254233726691,0.00142583437263966,0.862483143806458,604.897155761719,0.000157808165429687,114046440,916,9428157440.0,90349200.0,77924664.0,128822.9921875,0.11067777
2482,2,633275526,False,0.741956293582916,5470,4750,9530,0.000448003495143294,0.00143085909076035,0.898674190044403,628.066162109375,0.00034613044921875,114046440,638,52364230656.0,197472608.0,177463536.0,282555.46875,0.2419039448
2483,2,633275341,True,0.686199724674225,6100,720,6860,0.000109108591621169,0.215254406789396,610.721988771824,2837.21015463044,8.42980160665512e-05,114046440,361,395595012.875,319690.11933136,195241785.46875,68814.706993103,0.000391620396180916
2484,1,633276689,False,0.593518495559692,5330,6470,4560,0.00584108629466642,0.0146195497363806,9.37358665466309,641.167907714844,0.00451286171875,114046440,226,58989277184.0,251989200.0,2362042624.0,3683968.75,0.30868677
2485,3,633277186,False,0.579564571380615,5590,980,8260,0.0203356431466005,0.0309920171699026,28.0702562535579,905.725371139052,0.0157114517493523,114046440,450,137027719168.0,413838016.0,11616539156.584,12825674.8974304,0.5069515696
2486,1,633276328,False,0.061605378985405,7180,6580,3140,2.06455962846319e-06,2.99339740195137e-06,0.00194349512457848,649.260620117188,1.59509235839844e-06,114046440,780,112373579776.0,434996096.0,845412.8125,1302.1162109375,0.5328702176
2487,2,633275771,False,0.0350771546363831,5090,2170,8650,1.06226797920739e-06,1.56924988914398e-06,0.00154817686416209,986.5712890625,8.20715232849121e-07,114046440,950,211606765568.0,426937504.0,660974.75,669.971618652344,0.5229984424
2488,1,633276606,False,0.0166820455342531,5910,3290,5510,1.59231979591508e-07,1.0772938367154e-05,0.00264846882782876,245.844604492188,1.23023675537109e-07,114046440,338,965995328.0,9322200.0,24689.556640625,100.427490234375,0.011419695
2489,1,633276023,False,0.660513281822205,6650,5360,5660,0.010091117900904,0.161331027746201,156.338043212891,969.051330566406,0.0077964641125,114046440,560581559,20610609152.0,39449700.0,6167489024.0,6364460.5,0.0483258825
2490,3,633277226,False,0.665722668170929,5370,6650,6540,0.0481320973676525,0.0607165494327387,57.075009083618,940.023924561873,0.03718717524375,114046440,523,188688318464.0,499976992.0,28536191360.0,30356877.75,0.6124718152
2491,3,633277232,False,0.708305537700653,7960,2570,6080,0.00374708135960351,0.0599677589560306,78.3021783745927,1305.73794548509,0.00289501972265625,114046440,531,18254832640.0,39409200.0,3085826208.0,2363281.40625,0.04827627
2492,3,633277412,False,0.37249568104744,6510,920,6590,0.000222791474823984,0.000212927142061503,0.168876885798435,793.120520772577,0.000172130159918213,114046440,774,235864154112.0,659917824.0,111444867.0,140514.416259766,0.8083993344
2493,2,633275537,False,0.242145761847496,10650,5230,6040,7.898171889854e-05,0.00364951649680734,1.95687854290009,536.2021484375,6.10217958984375e-05,114046440,653,2315118336.0,13649400.0,26710218.0,49813.7109375,0.016720515
2494,3,633277402,True,1.0,6740,5540,7110,0.00501653481576924,0.656204222496684,2111.44586176037,3217.66576528092,0.00387580781875,114046440,760,11932577792.0,4821555.0,10180452352.0,3163924.75,0.005906404875
2495,2,633275851,False,0.182912051677704,12850,4740,7420,3.18677697644455e-05,1.78218451765133e-05,0.0108290761709213,607.629333496094,2.46212486816406e-05,114046440,1033,422636257280.0,1127772032.0,12212729.0,20098.978515625,1.3815207392
2496,2,633275825,False,0.796532452106476,7690,6470,6090,0.00737264709603038,0.0529845952987671,38.0600242614746,718.322448730469,0.005696155675,114046440,1004,25535342592.0,87759904.0,3340144128.0,4649923.0,0.1075058824
2497,3,633277771,False,0.689905405044556,9870,5530,7220,0.0225544678887548,0.0491753647134125,39.2897863872406,798.97295355543,0.01742573035,114046440,549009215,74117173248.0,289272608.0,11365458976.0,14225086.0,0.3543589448
2498,2,633275872,False,0.308428168296814,6420,4160,9940,5.35488053339737e-05,0.000106239982414991,0.0812867060303688,765.123474121094,4.13721594726562e-05,114046440,1058,113607786496.0,317895296.0,25840662.0,33773.19140625,0.3894217376
2499,1,633276257,False,0.0,0,0,0,0.0,0.0,0.0,0.0,0.0,114046440,884,15800681472.0,73572304.0,0.0,0.0,0.0901260724
2500,2,633275402,True,1.0,6100,1360,7040,0.0434635763642653,0.911817717449139,3933.1871013089,4313.56731289693,0.0335802451871603,114046440,453,121646846852.875,30063514.3693314,118245426937.469,27412445.0507431,0.0368278051024309
2501,3,633277578,False,0.0,0,0,0,0.0,0.0,0.0,0.0,0.0,114046440,973,91279474688.0,271429184.0,0.0,0.0,0.3325007504
2502,2,633275162,False,0.938809931278229,8590,4310,7240,0.532895562449058,0.145215764641762,159.902984619141,1101.14074707031,0.4117186192,114046440,128,1071042134016.0,2314465280.0,370089918464.0,336096832.0,2.835219968
2503,3,633276988,False,0.581266522407532,11500,4870,6100,0.00469748026086129,0.00181157520688456,1.30241906480873,718.942862465287,0.00362930416953125,114046440,202,401396383744.0,1635426048.0,2130010064.0,2962697.28125,2.0033969088
2504,3,633277068,False,0.457849264144897,6800,430,7380,0.00202227450850003,0.00591287918292295,3.45679929516248,584.62200701582,0.00156242259638367,114046440,312782550,50665791488.0,215706592.0,745654395.1875,1275447.01745605,0.2642405752
2505,2,633275328,False,0.54508364200592,5170,2370,8780,0.00196772869943018,0.000444129881505696,0.301781094214167,679.488381171435,0.00152028014526215,114046440,345,1077396430848.0,2794329020.0,843275669.25,1241045.01654053,3.4230530495
2506,1,633276796,False,0.346327483654022,4930,5370,5410,0.000394896517123827,0.00556082325056195,3.86726403236389,695.448120117188,0.0003050996484375,114046440,72,13825520640.0,44788500.0,173208960.0,249060.9375,0.0548659125
2507,1,633276813,False,0.604743719100952,8770,2930,4930,0.00213690003318611,0.00906767603009939,5.84095001220703,644.150756835938,0.00165098303125,114046440,42,44278591488.0,148631392.0,868148544.0,1347741.25,0.1820734552
2508,3,633277317,False,0.799239158630371,6060,1260,6890,0.0610301204206887,0.0130691037214113,11.5961041508491,887.29146221795,0.0471522727525391,114046440,648,1239692079360.0,2945240320.0,34153313500.0,38491651.2265625,3.607919392
2509,1,633276590,False,0.687302529811859,6820,1130,3810,0.000435434749227468,0.000435389981955516,0.507676509728439,1166.02708093616,0.000336419753393555,114046440,361,211695285760.0,630764100.0,320224116.75,274628.370117188,0.7726860225
2510,2,633275221,False,0.272389829158783,11140,5260,7570,4.88569054616581e-05,0.000238121283473447,0.107739135622978,452.454895019531,3.77471667480469e-05,114046440,209,19105658880.0,129404704.0,13941951.0,30814.013671875,0.1585207624
2511,1,633276056,False,0.213497370481491,6210,1360,4310,8.55794616433802e-05,0.000216014523175545,0.164378255605698,760.959289550781,6.61192553710937e-05,114046440,1128,106454441984.0,249867008.0,41072704.0,53974.90234375,0.3060870848
2512,1,633276281,False,0.547784507274628,7560,3270,1460,1.23189510889686e-05,2.41852740145987e-05,0.0305234901607037,1262.06921386719,9.5177026977539e-06,114046440,847,116686290944.0,321251392.0,9805714.0,7769.55322265625,0.3935329552
2513,1,633276332,False,0.459915816783905,12730,5550,5300,0.00298839383043551,0.0148187289014459,10.2267999649048,690.126647949219,0.00230885274375,114046440,773,35315220480.0,127188896.0,1300735360.0,1884777.75,0.1558063976
2514,3,633276968,False,0.620546102523804,7400,3440,8010,0.00566897159384646,0.00549985006021591,3.38479681708121,615.43438094171,0.0043798847679945,114046440,170,178148742144.0,650093384.0,2200434016.96875,3575416.13713837,0.7963643954
2515,3,633277203,True,1.0,6080,1580,6960,0.0254737102972669,0.930962438863444,3889.99427060813,4178.46532600949,0.01968115625,114046440,478,68835409920.0,17257678.0,67132268544.0,16066250.0,0.02114065555
2516,1,633276754,False,0.650260865688324,10990,6210,4600,0.00590934783127721,0.00298193888738751,1.58800542354584,532.541259765625,0.00456560103125,114046440,136,184245993472.0,1249865088.0,1984792576.0,3727021.25,1.5310847328
2517,3,633277354,False,0.231625482439995,4210,5280,9270,4.94522136830215e-05,5.82506979763261e-05,0.0448884113334349,770.607269833543,3.82071057983398e-05,114046440,694,153270411264.0,535435200.0,24034835.5,31189.4741210938,0.65590812
2518,2,633275934,False,1.0,6910,5360,7180,2.92820947705201,0.120683427964719,212.502288836686,1760.82410336247,2.26235391617744,114046440,1129,8524354131271.0,15303008495.5,3251924331381.0,1846819523.41016,18.7461854069875
2519,2,633275667,False,0.596555650234222,3660,4070,6130,0.000479629751594654,0.00199942593462765,1.39831304550171,699.357299804688,0.000370565103125,114046440,827,46163709952.0,151294496.0,211557072.0,302502.125,0.1853357576
2520,1,633276744,False,0.729719936847687,5820,4840,5670,0.0298078267504919,0.0939905121922493,67.0765609741211,713.652526855469,0.02302972315,114046440,149,60682354688.0,200017792.0,13416506368.0,18799774.0,0.2450217952
2521,1,633276235,False,0.109063483774662,11420,4150,5390,4.93226351278695e-06,5.68358700547833e-05,0.0461065508425236,811.222778320312,3.81069925537109e-06,114046440,912,12852145152.0,54732600.0,2523531.5,3110.77490234375,0.067047435
2522,3,633276888,False,0.67534476518631,7420,4050,5600,0.0415508833506275,0.16505811789748,166.754708576849,1010.27874727387,0.032102485975,114046440,59,79106867200.0,158768992.0,26475476992.0,26206111.0,0.1944920152
2523,2,633275662,False,0.108099982142448,9710,1250,8410,2.41946952562932e-05,1.69632276083576e-05,0.0128485839813948,757.4375,1.86929808105469e-05,114046440,821,327446953984.0,899568000.0,11558175.0,15259.576171875,1.1019708
2524,2,633276697,False,0.0833410397171974,9870,2830,10050,4.53569691232128e-06,2.54643564403523e-05,0.0113452365621924,445.534027099609,3.50430928955078e-06,114046440,312782632,30145447936.0,112339800.0,1274521.625,2860.66064453125,0.137616255
2525,3,633277213,True,1.0,6140,1770,6920,0.0124449608735537,0.866981947393755,3506.72122196759,4044.74537504407,0.00961505868675232,114046440,500,33278015709.0,9053276.74121094,31747317676.75,7849027.49938965,0.0110902640079834
2526,2,633275657,False,0.0,0,0,0,0.0,0.0,0.0,0.0,0.0,114046440,816,51222196224.0,105716704.0,0.0,0.0,0.1295029624
2527,3,633276936,False,0.783104479312897,7610,2870,5890,0.00528966123026398,0.00415947332418646,3.99721225045843,960.989995347606,0.004086827084375,114046440,129,40388550656.0,802069184.0,3206040768.0,3336185.375,0.9825347504
2528,1,633276226,False,0.417807847261429,8160,4660,3390,0.00051904285136895,0.000821324123535305,0.256243616342545,311.988433837891,0.0004010159234375,114046440,924,12840438784.0,398575808.0,102132512.0,327359.9375,0.4882553648
2529,2,633276666,False,0.0834637507796288,8690,2140,9380,2.35222378090168e-06,4.15503163821995e-05,0.0357955023646355,861.497680664062,1.8173435760498e-06,114046440,312782594,12023571456.0,35704800.0,1278071.25,1483.54577636719,0.04373838
2530,3,633277261,False,0.442013680934906,4980,1770,7940,0.00203940031375501,0.00273194950873821,2.5358048929551,928.203425738383,0.00157565410625,114046440,577,218428669952.0,470816992.0,1193900032.0,1286248.25,0.5767508152
2531,1,633276096,False,0.0,0,0,0,0.0,0.0,0.0,0.0,0.0,114046440,1074,14153269248.0,53051400.0,0.0,0.0,0.064987965
2532,1,633276057,False,0.0795431360602379,7460,4270,940,4.47472400589009e-06,8.93899959919509e-06,0.00787895638495684,881.413635253906,3.45720122070312e-06,114046440,1127,74262552576.0,315718208.0,2487530.0,2822.205078125,0.3867548048
2533,3,633277536,False,0.956691801548004,7370,3440,6210,0.0566964015792211,0.081753132420988,95.9704150708841,1173.90505083872,0.04380401305,114046440,930,171067621376.0,437394592.0,41976940544.0,35758378.0,0.5358083752
2534,2,633275837,False,0.0953279435634613,1640,3910,5810,1.90035525675243e-05,9.01023395272205e-06,0.00108373409602791,120.278137207031,1.46822697998047e-05,114046440,1016,124709109760.0,1330212608.0,1441596.75,11985.5263671875,1.6295104448
2535,3,633276865,False,0.744516849517822,9110,2110,5270,0.0898332706542158,0.0526879917528098,52.2587041225625,991.852268117158,0.0694057762125,114046440,26,449977319424.0,1075345152.0,56196144128.0,56657776.5,1.3172978112
2536,2,633275866,False,0.245316445827484,10660,5670,9100,2.02563364923343e-05,2.12301420106087e-05,0.0128046805039048,603.136840820312,1.565017890625e-05,114046440,1049,142807826432.0,601769728.0,7705469.0,12775.65625,0.7371679168
2537,1,633276617,False,0.113845698535442,6510,6680,3290,1.98632026517137e-05,3.62764549208805e-05,0.0262443721294403,723.454711914062,1.53464411132812e-05,114046440,327,104584822784.0,345339904.0,9063229.0,12527.70703125,0.4230413824
2538,1,633276670,False,0.0,0,0,0,0.0,0.0,0.0,0.0,0.0,114046440,249,11442674688.0,35722800.0,0.0,0.0,0.04376043
2539,1,633276488,False,0.228997707366943,6590,1900,5610,8.76290035281641e-05,0.00012963340850547,0.0992080792784691,765.297119140625,6.7702744921875e-05,114046440,542,119671791616.0,426337216.0,42296096.0,55267.546875,0.5222630896
2540,2,633275324,False,0.99984210729599,6630,5820,7540,0.194728818594639,0.0901595056056976,109.146224975586,1210.59033203125,0.150448767,114046440,342,560139104194.531,1362200448.0,148679032832.0,122815320.0,1.6686955488
2541,1,633276523,False,0.309308856725693,7320,5690,4310,0.00028876523222321,0.00207975343801081,1.44565629959106,695.109436035156,0.000223101919140625,114046440,470,22289149952.0,87570000.0,126596120.0,182124.015625,0.10727325
2542,3,633276989,False,0.401586711406708,11820,6140,6830,0.00128395703218775,0.0146790571485769,8.03087292264857,547.097326576399,0.000991993654394531,114046440,203,10465140224.0,55166400.0,443034348.0,809790.73828125,0.06757884
2543,3,633277686,False,0.61861515045166,12750,6730,7150,0.029458459164095,0.0186794074867616,9.90527198730048,530.277632966704,0.022759799453125,114046440,1098,161542344704.0,994647616.0,9852255168.0,18579428.125,1.2184433296
2544,3,633277744,True,1.0,6400,5300,6890,0.0105964546356273,0.540396244025617,1808.09365564995,3345.86643715503,0.0081868906,114046440,262,27962947584.0,12367177.0,22361014272.0,6683176.0,0.015149791825
2545,1,633275213,False,0.0,0,0,0,0.0,0.0,0.0,0.0,0.0,114046440,312782648,26125826048.0,81117904.0,0.0,0.0,0.0993694324
2546,1,633276426,False,0.21354977786541,6580,4610,5030,0.000188233870238196,0.000322895619319752,0.176838144659996,547.663513183594,0.000145430727148437,114046440,629,88071585792.0,367669792.0,65018044.0,118718.9609375,0.4503954952
2547,3,633276967,False,0.439274162054062,11430,5030,5540,0.00054863935423991,0.00157546692219957,0.869019529052596,551.594906124291,0.000423882376367187,114046440,169,43800578048.0,219634208.0,190866416.0,346026.4296875,0.2690519048
2548,2,633275588,True,0.0832084715366364,6840,4950,7440,1.2839357945991e-06,0.0960840955376625,232.518432617188,2419.947265625,9.9197724609375e-07,114046440,718,6466097.0,8427.7978515625,1959618.375,809.77734375,1.03240523681641e-05
2549,2,633275729,False,0.479729622602463,6440,1210,6730,0.000438216887275898,0.00148987863212824,1.02880609035492,690.530151367188,0.0003385692515625,114046440,906,54670016512.0,185507104.0,190850832.0,276383.0625,0.2272462024
2550,1,633276806,False,0.696845591068268,7800,5610,5120,0.00457272344349049,0.129882425069809,124.132080078125,955.726501464844,0.00353291623125,114046440,54,9041286144.0,22204800.0,2756327936.0,2884013.25,0.02720088
2551,3,633276996,False,0.359845608472824,3420,2130,5980,0.00233135384749023,0.00270349347472443,1.64077872802202,606.910556049805,0.001801219328125,114046440,211,190593081344.0,543882624.0,892391040.0,1470383.125,0.6662562144
2552,3,633277160,False,0.215079739689827,10820,5160,7600,1.68215905588207e-05,4.71233264353634e-05,0.0120949259779953,256.66536921126,1.29964715896606e-05,114046440,413,2116784832.0,225140400.0,2723056.47265625,10609.3645629883,0.27579699
2553,3,633277607,False,0.709669530391693,7570,3280,1460,9.02349857967741e-05,2.94251815494055e-05,0.0262616332308498,892.488401023318,6.97161439758301e-05,114046440,1002,681802567680.0,1934096408.0,50792530.5,56911.1379394531,2.3692680998
2554,1,633276483,False,0.10746806114912,6940,5480,2900,7.32017688644607e-06,3.95096249121707e-05,0.0184120070189238,466.01318359375,5.65561684570312e-06,114046440,551,34618646528.0,116853296.0,2151503.75,4616.830078125,0.1431452876
2555,3,633276912,False,0.569169580936432,8930,5390,5990,0.00496027166823249,0.00979244518916947,7.51573782892483,767.503691237129,0.003832338540625,114046440,100,100041880064.0,319474816.0,2401088960.0,3128439.625,0.3913566496
2556,3,633277409,False,0.899682700634003,8970,5090,6690,0.657509212930276,0.0275759085221427,19.3239156170423,700.75354367838,0.5079959458,114046440,771,2730844745856.0,15038147072.0,290595885056.0,414690568.0,18.4217301632
2557,2,633275559,False,0.159933492541313,3470,3690,6760,6.35290583274404e-06,0.000924604362808168,0.460980415344238,498.570465087891,4.90829686279297e-06,114046440,680,681332864.0,4333500.0,1997658.625,4006.77294921875,0.0053085375
2558,3,633277129,False,0.999752283096313,6090,3810,6280,0.154371418507272,0.0781991559979525,96.6509560385818,1235.95906893308,0.11926837405,114046440,362,496980180992.0,1245051008.0,120335370240.0,97361938.0,1.5251874848
2559,3,633277674,False,0.774648308753967,6190,860,6970,0.00197742765821233,0.00907216294391753,9.1945849618428,1013.49424813929,0.0015277736246582,114046440,1086,55355966948.0625,137471312.0,1263991658.0,1247162.14257812,0.1684023572
2560,1,633276675,False,0.571349680423737,5420,2970,5590,0.0157767037730266,0.0072432678958381,4.46866833452424,616.940916556723,0.01218918518125,114046440,242,292463935488.0,1373738400.0,6138781288.0,9950355.25,1.68282954
2561,1,633276110,False,0.0748336091637611,10520,3980,2280,6.06967682305753e-06,1.49408276683971e-06,0.000364247942343354,243.793685913086,4.689472265625e-06,114046440,1056,914468765696.0,2562201088.0,933276.5,3828.140625,3.1386963328
2562,1,633276667,False,0.117456078529358,7410,2630,1580,9.32462218553449e-06,3.80945966753643e-05,0.031065572053194,815.484985351562,7.20426447753906e-06,114046440,252,57441968128.0,154379696.0,4795893.5,5881.0322265625,0.1891151276
2563,3,633277197,False,1.0,6530,5580,6220,0.452704448620863,0.0828733676341026,121.529195037984,1466.44451055195,0.349762436818372,114046440,467,1555979835392.0,3445260700.0,418699759567.0,285520356.586426,4.2204443575
2564,3,633277527,False,0.448944836854935,10550,3650,6520,0.00177984080100393,0.000305747247841146,0.210947489710171,689.940763816034,0.00137511671821289,114046440,920,1451344052224.0,3671477888.0,774489044.0,1122544.25976562,4.4975604128
2565,1,633276295,False,0.590214371681213,6900,5770,5530,0.00659865695830923,0.0245926827192307,17.8135280609131,724.342651367188,0.0050981658,114046440,830,49255264256.0,169227904.0,3014546176.0,4161768.0,0.2073041824
2566,1,633276300,False,0.244892150163651,7740,2050,5130,0.000127686430689897,9.67108026306229e-06,0.0071874867425048,743.193784665057,9.86513768150329e-05,114046440,822,2213298528256.0,8327067296.0,59850685.7939453,80531.7361755371,10.2006574376
2567,1,633276435,False,0.572058320045471,9960,3730,4460,0.00244991332715222,0.00622689770534635,3.65484499931335,586.944763183594,0.0018928191625,114046440,616,50605326336.0,248142592.0,906922688.0,1545158.5,0.3039746752
2568,3,633277309,False,0.999992847442627,6400,4820,6990,0.23213433262878,0.0340303322791462,47.7332471655948,1402.66767817738,0.179348513355225,114046440,637,1357033009103.0,4302248608.0,205360296173.5,146406949.677734,5.2702545448
2569,1,633276217,False,0.0,0,0,0,0.0,0.0,0.0,0.0,0.0,114046440,182305701,35733835776.0,84568496.0,0.0,0.0,0.1035964076
2570,3,633277251,False,0.692442417144775,4270,5480,5570,0.0205381467208544,0.0346670738646096,21.1852926365552,611.107032548902,0.01586790734375,114046440,564,91189510144.0,373651200.0,7915910016.0,12953393.75,0.45772272
2571,2,633275318,False,0.57405960559845,8350,2780,5930,0.00278786798576978,0.140118598937988,128.739593505859,918.790222167969,0.00215392515625,114046440,336,5885638656.0,12548700.0,1615514624.0,1758306.25,0.0153721575
2572,1,633276532,False,0.687302529811859,6820,1130,3810,0.00357412741806088,0.000150338928587347,0.0968114499540594,643.954635460982,0.00276139436899432,114046440,453,5291880520704.0,14994117000.0,1451602207.55081,2254199.48489332,18.367793325
2573,1,633276036,False,0.0,0,0,0,0.0,0.0,0.0,0.0,0.0,114046440,526157196,13219773440.0,50499900.0,0.0,0.0,0.0618623775
2574,1,633276517,False,0.122335776686668,2280,3080,5620,1.31673978651477e-05,4.3852131057065e-05,0.018584256991744,423.793701171875,1.01732182617187e-05,114046440,484,41464598528.0,189378896.0,3519466.0,8304.66796875,0.2319891476
2575,3,633276995,False,0.68246465921402,7820,6380,6750,0.0032687094876543,0.0295779692422912,21.879825996132,739.733881555592,0.002525426465625,114046440,210,14333509632.0,69699600.0,1525015120.0,2061572.625,0.08538201
2576,1,633275217,False,0.0,0,0,0,0.0,0.0,0.0,0.0,0.0,114046440,312782644,60306345984.0,173325600.0,0.0,0.0,0.21232386
2577,3,633276929,False,0.103715412318707,9280,2320,8930,9.88193237217656e-06,0.000181093890741225,0.0950411581822408,524.817031614006,7.63484599609375e-06,114046440,121,8433774592.0,34416000.0,3270936.5,6232.52734375,0.0421596
2578,1,633275273,False,0.481402039527893,7310,1310,3730,2.47643119721407e-05,0.000881822081282735,1.15104424953461,1305.30212402344,1.91330704345703e-05,114046440,312782570,4071885824.0,17712000.0,20387296.0,15618.8330078125,0.0216972
2579,3,633277115,False,0.484561145305634,6120,6570,5850,0.00686338302391638,0.0439643564010766,30.3756602071907,690.91561195803,0.00530269490078125,114046440,347,29054184448.0,98460000.0,2990787504.0,4328730.53125,0.1206135
2580,3,633277034,False,0.0834637507796288,8690,2140,9380,2.35222378090168e-06,2.0775158751305e-05,0.0178977511427035,861.497683697809,1.8173435760498e-06,114046440,312782594,22304257024.0,71409600.0,1278071.25,1483.54577636719,0.08747676
2581,1,633276205,False,0.694363355636597,7650,5490,5680,0.0547384953372181,0.108495868742466,95.350456237793,878.839538574219,0.0422913218,114046440,946,131155394560.0,318201312.0,30340640768.0,34523528.0,0.3897966072
2582,3,633277124,True,1.0,7020,5690,7040,0.00710053800476722,0.903945916295809,3169.72028244878,3506.53753206571,0.0054859224,114046440,356,16349798400.0,4954172.5,15703341056.0,4478304.0,0.0060688613125
2583,1,633276462,False,0.0,0,0,0,0.0,0.0,0.0,0.0,0.0,114046440,496345672,11988492288.0,43132500.0,0.0,0.0,0.0528373125
2584,3,633277380,False,0.609840929508209,10490,3590,7050,0.00140210902142397,0.00014198191201619,0.072544882224515,510.944536486049,0.00108327865898437,114046440,728,665302007808.0,6228322304.0,451832908.0,884309.109375,7.6296948224
2585,2,633275226,False,0.697755455970764,8210,3440,6850,0.0556944628593288,0.0611734502017498,49.6730690002441,812.003723144531,0.0430299086,114046440,215,194092318720.0,574210816.0,28522813440.0,35126456.0,0.7034082496
2586,2,633275807,False,0.997944891452789,6040,1590,6870,0.244097259986786,0.0301923007278086,26.2170266550627,868.334841104555,0.188591149775,114046440,985,2061978617635.0,5099046952.0,133681849856.0,153951959.0,6.2463325162
2587,3,633277474,False,0.213094785809517,6100,4620,9540,2.97376536358067e-05,0.000399544884328826,0.229319598756556,573.952033303536,2.29755069396973e-05,114046440,849,9017636352.0,46942200.0,10764766.46875,18755.5158691406,0.057504195
2588,2,633275565,False,0.999956846237183,6180,1010,6960,0.78091714876957,0.00504934534310106,4.27068350599277,845.789546129542,0.603341729331334,114046440,688,31233703935299.6,97542122238.0,416571532581.357,492523860.67864,119.48909974155
2589,2,633275560,False,0.674247324466705,8900,4260,5790,0.00618229646690214,0.131680220365524,114.00114440918,865.742370605469,0.00477648294375,114046440,681,10744004608.0,29610900.0,3375676416.0,3899169.75,0.0362733525
2590,3,633276911,False,0.295462965965271,5960,2520,7660,8.56144685938298e-05,0.000439587393240818,0.206361131768803,469.442788719268,6.61463019714355e-05,114046440,98,10566747648.0,122835600.0,25348493.4375,53996.9812011719,0.15047361
2591,2,633275496,False,0.504258871078491,3430,5680,5900,0.000709769502929567,0.00138620589859784,0.768668472766876,554.512451171875,0.00054837258984375,114046440,605,59479498752.0,322932608.0,248228112.0,447651.09375,0.3955924448
2592,2,633275715,False,0.629049301147461,8570,4350,10340,6.11777695748885e-05,0.00025740428827703,0.163001254200935,633.25,4.72663474609375e-05,114046440,888,39746936832.0,149899504.0,24433808.0,38584.7734375,0.1836268924
2593,1,633276171,False,0.654920995235443,8250,4470,5690,0.00216430037491417,0.119152471423149,97.848747253418,821.206176757812,0.001672152715625,114046440,975,3980348416.0,11456100.0,1120964992.0,1365022.625,0.0140337225
2594,3,633277519,False,0.446611076593399,3000,3040,6470,0.000289510564688459,0.0010866057305871,0.548705516197554,504.972043448624,0.000223677767909241,114046440,910,37533032448.0,168040800.0,92204913.90625,182594.096252441,0.20584998
2595,1,633276663,False,0.571349680423737,5420,2970,5590,0.00925669008238542,0.00689391233026981,4.29426527023315,622.906860351562,0.0071517796875,114046440,258,182460710912.0,846861312.0,3636647168.0,5838187.5,1.0374051072
2596,1,633276758,False,0.0,0,0,0,0.0,0.0,0.0,0.0,0.0,114046440,131,108344565760.0,378129600.0,0.0,0.0,0.46320876
2597,3,633277405,False,0.464559495449066,11520,5120,3950,6.24892928670785e-05,0.000767563902625139,0.450305724991626,586.668710515878,4.82796389892578e-05,114046440,765,9004160256.0,51346800.0,23121758.0,39411.9501953125,0.06289983
2598,3,633277344,True,1.0,6630,5180,6790,0.0859282644300733,0.76734209329811,2922.63733569119,3808.7801532292,0.0663887427,114046440,685,226335834112.0,70626768.0,206416429056.0,54194892.0,0.0865177908
2599,1,633276477,False,0.692442417144775,4270,5480,5570,0.00509276449249355,0.0171925202012062,10.1052284240723,587.768920898438,0.00393470336875,114046440,564,43252092928.0,186825600.0,1887915392.0,3212002.75,0.22886136
2600,1,633276724,False,0.364251554012299,7560,4010,3150,0.000161190213470851,0.000556799059268087,0.38147446513176,685.120483398438,0.000124536619921875,114046440,178,42194591744.0,182583904.0,69651096.0,101662.546875,0.2236652824
2601,2,633275222,False,0.68246465921402,7820,6380,6750,0.0029083753034836,0.0526347383856773,40.7463188171387,774.133544921875,0.002247029903125,114046440,210,9576871936.0,34849800.0,1420001024.0,1834310.125,0.042691005
2602,2,633275408,False,0.5148686170578,7890,4930,8250,0.0016151402569155,0.00162547128275037,1.16226375102997,715.031799316406,0.00124786799375,114046440,466,100795219968.0,626690688.0,728379840.0,1018667.75,0.7676960928
2603,3,633277250,False,0.746667683124542,6530,5940,8440,0.0520490209448206,0.0487626505757806,47.8785809577373,981.86994333564,0.0402134161816406,114046440,559,250647773184.0,673205376.0,32232118096.0,32827278.515625,0.8246765856
2604,2,633275123,False,0.51851624250412,4950,5730,6100,0.00276594668178519,0.0389492958784103,28.5056095123291,731.864562988281,0.0021369886125,114046440,72,15461990400.0,44788500.0,1276723456.0,1744480.5,0.0548659125
2605,2,633275384,False,0.391561955213547,7770,1930,5900,0.000430651177480265,0.000595852616243064,0.31839793920517,534.356872558594,0.000332723934375,114046440,430,155159101440.0,455836512.0,145137408.0,271611.375,0.5583997272
2606,1,633276785,False,0.226578384637833,4480,5450,1860,0.000121360620563957,2.15468919434215e-05,0.00809610973527793,375.743738657851,9.37640142736673e-05,114046440,95,989118570240.0,3552347720.0,28760196.9589844,76542.0524682999,4.351625957
2607,1,633275998,False,0.158833757042885,10120,5140,3780,3.29784913153165e-05,0.0010385838104412,0.553656935691833,533.08837890625,2.54793994628906e-05,114046440,549009227,3504853248.0,20026800.0,11087977.0,20799.509765625,0.02453283
2608,3,633277700,False,0.997436344623566,5970,3950,6280,0.0132425672603684,0.0831861976131997,112.600159598096,1353.59185572667,0.01023129463125,114046440,1113,41367881728.0,100402200.0,11305303744.0,8352077.25,0.122992695
2609,3,633277509,False,0.520318150520325,4130,5520,6910,0.000583357417122745,0.000537811487676157,0.287964456957854,535.437534445623,0.000450705780273437,114046440,900,35448464384.0,684111616.0,196999830.0,367923.0859375,0.8380367296
2610,2,633275306,False,1.0,7390,3310,5950,1.78073789957778,0.117184915696685,141.763915379597,1209.7454227516,1.37580982247598,114046440,323,4817900849280.0,9584083860.0,1358677253320.0,1123110059.16406,11.7405027285
2611,2,633275818,True,1.0,6530,5900,6570,1.00000012237783,0.85813307762146,3507.74291992188,4087.64428710938,0.7726066768,114046440,997,2707814350848.0,734966784.0,2578074566656.0,630699328.0,0.9003343104
2612,3,633277480,False,1.0,7300,3070,5140,1.23182331603746,0.0681832995766199,114.678062651584,1681.90837585847,0.951714802139661,114046440,856,4602103213460.0,11394433056.0,1306691507875.25,776910042.562988,13.9581804936
2613,2,633275471,False,0.677085995674133,9190,6020,6780,0.0225939399508633,0.0459160171449184,27.2005290985107,592.397399902344,0.017456226725,114046440,574,59058421760.0,310348800.0,8441651712.0,14249981.0,0.38017728
2614,3,633276927,False,0.393563449382782,4100,4960,8890,0.000547390148429176,0.000221115843106934,0.151213154305036,683.863951946257,0.000422917231735229,114046440,119,468390589216.0,1561346992.0,236096203.625,345238.556518555,1.9126500652
2615,3,633277172,False,0.535577714443207,7800,980,7830,3.65421233875216e-05,0.00011257991420254,0.125373148180713,1113.6369135542,2.82326850585937e-05,114046440,433,76806647808.0,204717600.0,25666090.0,23047.08984375,0.25077906
2616,3,633277266,False,0.683526039123535,3940,4540,8110,0.000587331003094297,0.000747339084831071,0.480984930620124,643.596648941285,0.000453775798950195,114046440,583,131681320960.0,495664192.0,238407007.0,370429.223632812,0.6071886352
2617,3,633277490,False,0.688342094421387,9860,3510,5640,0.0370590197621851,0.169859159842678,209.781465144605,1235.03180716838,0.0286320426,114046440,872,78068715520.0,137602800.0,28866516992.0,23373096.0,0.16856343
2618,2,633275350,False,0.683226108551025,10560,6700,6260,0.304707865004803,0.0244188332805054,14.0011279363682,573.374156559146,0.23541930216608,114046440,370,1405451066048.0,7870114840.0,110190484748.75,192179022.176392,9.640890679
2619,2,633275119,False,0.999958574771881,5970,3960,6320,0.0129062488808469,0.112273320555687,457.473846435547,4074.64404296875,0.0099714528375,114046440,64,61527613440.0,72501296.0,33167446016.0,8139961.5,0.0888140876
2620,3,633277485,True,1.0,6630,5180,6790,0.0867203492100966,0.764270446213252,2902.96404603987,3798.34659370024,0.0670007126147461,114046440,864,228202153009.0,71564273.5478516,207748513090.375,54694459.2773438,0.0876662350961182
2621,2,633275228,False,0.28011628985405,11080,4420,7340,0.000104851641217109,0.00041548689478077,0.209983676671982,505.391815185547,8.10090681640625e-05,114046440,217,30797953024.0,159162304.0,33421486.0,66129.8515625,0.1949738224
2622,2,633276460,False,0.585889339447021,7710,6000,6150,0.00292089929965099,0.0301493387669325,34.6800842285156,1150.27673339844,0.002256706025,114046440,606826651,19729811456.0,61102800.0,2119050240.0,1842209.0,0.07485093
2623,1,633276593,False,0.0449974797666073,6260,4850,1950,4.68769718020496e-07,3.18471174978185e-05,0.0176314692944288,553.62841796875,3.62174569702148e-07,114046440,355,2191099392.0,9283500.0,163681.75,295.652709960938,0.0113722875
2624,3,633277365,False,0.580949306488037,8080,2670,6630,0.00537036119333531,0.0647459882410625,79.9211634495177,1234.38016193304,0.00414917640703125,114046440,706,21595021312.0,52313400.0,4180947792.0,3387082.78125,0.064083915
2625,2,633275406,False,0.416566520929337,6480,1500,6800,0.000695962159352215,0.0289736967533827,13.9669542312622,482.056335449219,0.0005377049453125,114046440,461,3409614080.0,15149700.0,211595168.0,438942.8125,0.0185583825
2626,3,633276887,False,0.679108738899231,8510,4960,6880,0.00518875779860836,0.0838636892909677,125.879003439068,1500.99529967406,0.00400886842890625,114046440,58,18503246336.0,39022200.0,4912075648.0,3272545.65625,0.047802195
2627,1,633276448,False,0.274808764457703,7390,3400,2640,0.000363755560321394,0.00033679383341223,0.172739699482918,512.894470214844,0.000281039940234375,114046440,603,68889788416.0,681189312.0,117668432.0,229420.359375,0.8344569072
2628,3,633277047,False,0.000264975620666519,10030,2010,8990,3.78116930103147e-10,1.29161889243154e-09,9.58639507226807e-07,742.19997310671,2.92135629057884e-10,114046440,269,52410808320.0,184635008.0,176.998413085938,0.238478064537048,0.2261778848
2629,1,633276123,False,0.117217391729355,6610,1900,3230,1.01470553930277e-05,1.09731190605089e-05,0.00690794456750154,629.533325195312,7.83968178710937e-06,114046440,1038,199358038016.0,583219776.0,4028849.75,6399.740234375,0.7144442256
2630,1,633276600,False,0.365479826927185,6140,6520,5470,0.000416900021539024,0.00534102227538824,3.30995416641235,619.722961425781,0.00032209970078125,114046440,347,12512832512.0,49230000.0,162949040.0,262938.53125,0.06030675
2631,1,633276216,False,0.0432217940688133,3670,2310,5690,7.62378413353474e-06,1.7636499251239e-05,0.0109046017751098,618.29736328125,5.89018580322266e-06,114046440,935,84621082624.0,272634304.0,2972968.5,4808.31494140625,0.3339770224
2632,2,633275756,False,0.291044384241104,5480,2030,8580,0.00045531427955287,0.00247365096583962,2.01385903358459,814.124145507812,0.000351778809375,114046440,182305705,49333608448.0,116090096.0,233789088.0,287166.375,0.1422103676
2633,1,633276155,False,0.255185723304749,2670,2620,4760,6.97349108232361e-05,7.46141130841643e-06,0.00548686323409475,735.365336033091,5.38776511146545e-05,114046440,993,1882002635776.0,5894562596.0,32342658.7890625,43981.7560119629,7.2208391801
2634,1,633275968,False,0.522706389427185,7290,7230,5680,0.000303020045414066,0.00520783476531506,1.85176932811737,355.57373046875,0.000234115281640625,114046440,10671,1782938240.0,36697500.0,67955304.0,191114.515625,0.0449544375
2635,2,633275884,False,0.0589347966015339,8300,1340,9610,4.1911706104627e-06,4.98265471833292e-05,0.0392150953412056,787.032104492188,3.23812600097656e-06,114046440,1074,18170390528.0,53051400.0,2080415.625,2643.3681640625,0.064987965
2636,3,633277442,False,0.719717860221863,3680,4070,6130,0.00241594702783679,0.00335441428573984,2.04678895669326,610.177748584751,0.00186657657607422,114046440,814,120938254336.0,454248000.0,929749790.0,1523735.98046875,0.5564538
2637,1,633276543,False,0.679857730865479,2860,3460,4080,1.24246032925169e-05,3.62122591468506e-05,0.0846686363220215,2338.12084960938,9.59933028564453e-06,114046440,440,49974153216.0,216396000.0,18321954.0,7836.18798828125,0.2650851
2638,3,633277008,False,0.997242391109467,5410,5980,6840,0.0858502062273146,0.107436470987645,164.243299062023,1528.74808295695,0.06632843441875,114046440,226,260075106304.0,503978400.0,82775075072.0,54145660.75,0.61737354
2639,3,633277583,False,0.670457005500793,11520,6750,6930,0.0200115161107497,0.0198159217907781,9.43190578687768,475.976131035554,0.0154610290679687,114046440,978,65337190400.0,636924608.0,6007412896.0,12621248.21875,0.7802326448
2640,3,633277724,False,0.647087812423706,6960,3660,8020,0.00483560332533059,0.00183096247004387,1.33499095393372,729.119780320637,0.00373601895830078,114046440,484682520,191330066432.0,1665687552.0,2223677814.0,3049811.39453125,2.0404672512
2641,1,633276562,False,0.579979360103607,7970,4360,3930,0.00656010946523939,0.0448522232303916,28.636078676241,638.453940825777,0.005068383753125,114046440,406,22724217856.0,92246400.0,2641575168.0,4137456.125,0.11300184
2642,3,633277384,False,0.669633030891418,6950,3840,8100,0.0121217521444613,0.00516498496019743,3.74907497432391,725.863676896477,0.00936534549521484,114046440,733,384594821120.0,1480194048.0,5549358462.5,7645179.99609375,1.8132377088
2643,2,633275920,False,0.692275881767273,6840,1370,7940,0.00500032978621391,0.0198530238121748,19.1783332824707,966.015747070312,0.00386328770625,114046440,1111,67199318919.1875,158852592.0,3046528000.0,3153704.25,0.1945944252
2644,1,633276177,False,0.13640084862709,2420,3670,5310,1.08327681397373e-05,3.94239323213696e-05,0.0224484819918871,569.412536621094,8.36946796875e-06,114046440,969,52792905728.0,173301296.0,3890351.0,6832.21875,0.2122940876
2645,1,633276088,False,0.571867704391479,6230,920,4410,3.44554358515503e-05,0.000316153309540823,0.348170667886734,1101.27172851562,2.66204965332031e-05,114046440,1086,26994169856.0,68735696.0,23931754.0,21731.017578125,0.0842012276
2646,1,633276763,False,0.454327553510666,6150,7080,4890,0.00105470812616147,0.00211984920315444,0.70749443769455,333.747528076172,0.000814874440625,114046440,125,8696833024.0,313797600.0,222010064.0,665203.625,0.38440206
2647,3,633277614,False,1.0,7050,3080,6370,0.598764224804729,0.00915238418721646,8.79114948474639,960.531081838258,0.4626091813,114046440,1009,4331522387289.14,41261395968.0,362735099904.0,377640148.0,50.5452100608
2648,3,633277031,False,0.0,0,0,0,0.0,0.0,0.0,0.0,0.0,114046440,251,153584656384.0,424987200.0,0.0,0.0,0.52060932
2649,2,633276043,False,0.999210894107819,6100,1910,6910,0.0466332692831473,0.0214967392385006,17.2898426055908,804.300659179688,0.0360291708,114046440,484682516,213298261312.0,1368187392.0,23655743488.0,29411568.0,1.6760295552
2650,1,633276571,False,0.28758117556572,6000,6610,4290,0.000538180885438874,0.0160671733319759,8.09518432617188,503.833740234375,0.00041580209453125,114046440,390,3919993088.0,21125700.0,171016432.0,339430.28125,0.0258789825
2651,1,633276121,False,0.124618284404278,10740,5520,1430,1.08832910253322e-05,2.66244478552835e-06,0.000677798641845584,254.577545166016,8.40850228271484e-06,114046440,1041,493288980480.0,2578113024.0,1747441.5,6864.08349609375,3.1581884544
2652,3,633277745,False,0.999739825725555,5880,4930,6490,0.101409599115125,0.0495707184811869,92.8849142493826,1873.7859182863,0.0783497237796875,114046440,262,442298771456.0,1290256832.0,119845395200.0,63958958.1875,1.5805646192
2653,3,633277238,False,0.503990232944489,7990,3780,10560,0.000595423929041071,0.000134500783549494,0.0852474625808305,633.806438380046,0.000460028446806335,114046440,541,783149162496.0,2792053816.0,238015503.203125,375533.425964355,3.4202659246
2654,1,633276605,False,0.612301647663116,8830,1580,5350,0.00420938838076631,0.000860405909592883,0.658537411592943,765.379926207784,0.00325220117022705,114046440,339,1176362331712.0,3085587940.0,2031975095.25,2654858.09814453,3.7798452265
2655,1,633275282,False,0.19857457280159,7140,870,3640,1.58556003062167e-05,0.000143556055263616,0.109132848680019,760.210632324219,1.22501411621094e-05,114046440,312782558,25995745280.0,69660000.0,7602194.0,10000.115234375,0.0853335
2656,2,633275723,False,0.520318150520325,4130,5520,6910,0.000487340984394922,0.000898583151865751,0.512688159942627,570.551696777344,0.00037652285234375,114046440,900,19204311040.0,342055808.0,175367968.0,307365.59375,0.4190183648
2657,3,633277549,False,0.737819910049438,6410,5610,6050,0.0492518215348292,0.0440987967457144,32.1836525174572,729.807951519332,0.0380522815056152,114046440,157,141518556672.0,704397608.0,22670087850.0,31063086.9433594,0.8628870698
2658,3,633277076,False,0.62045955657959,5710,2810,5540,0.00848596655707476,0.0125376224055536,6.1932596960993,493.974016425631,0.00655631361875,114046440,310,58537490432.0,426882592.0,2643794752.0,5352092.75,0.5229311752
2659,2,633275322,False,0.694076240062714,9220,3900,7530,0.0333420769006065,0.00681517536715385,5.85015987325903,858.401957116794,0.0257603080792969,114046440,339,1148970636672.0,3085587940.0,18051182752.0,21028822.921875,3.7798452265
2660,3,633277211,False,0.728220403194427,7680,6010,6310,0.0196347170175938,0.0254742458211805,24.8176380136795,974.224641934047,0.0151699116084106,114046440,491,126242249472.0,486122392.0,12064409555.0,12383601.3129883,0.5954999302
2661,2,633275120,False,0.615234911441803,8220,4430,8050,0.00133206694619109,0.10439295321703,100.487174987793,962.585754394531,0.001029163690625,114046440,66,2925335040.0,8047800.0,808700672.0,840133.625,0.009858555
2662,1,633276581,False,0.540348291397095,8250,5150,4410,0.00393226485807575,0.0280056148767471,23.0334205627441,822.457214355469,0.0030380937125,114046440,374,26019346432.0,88556400.0,2039756800.0,2480076.5,0.10848159
2663,2,633275803,True,0.782525777816772,6780,5230,7310,0.000607794963492983,0.59443414098639,2389.02643777095,4018.99264030605,0.000469586389453125,114046440,983,1800111552.0,644875.1875,1540623872.0,383335.828125,0.0007899721046875
2664,1,633276351,False,0.459598869085312,7480,4410,5390,0.00351663292310725,0.022896945476532,15.2567586898804,666.322875976562,0.00271697374375,114046440,741,26098186240.0,96866096.0,1477862656.0,2217937.75,0.1186609676
2665,2,633275535,False,0.00103933131322265,8040,1900,9000,1.48311284689253e-09,9.34230399707303e-08,6.57873388263397e-05,704.187561035156,1.14586274772882e-09,114046440,649,2329875968.0,10012500.0,658.695739746094,0.935398161411285,0.0122653125
2666,2,633275792,False,0.74070543050766,3700,3310,6190,0.00918012749143974,0.00533789164915083,3.18806679251747,597.252061687059,0.00709262692578125,114046440,972,340335062272.0,1084679104.0,3458029432.0,5789899.53125,1.3287319024
2667,2,633275857,False,0.0501596964895725,10890,5600,9630,1.41279884306443e-05,3.45621447195299e-06,0.000902136147487909,261.0185546875,1.09153768554687e-05,114046440,1041,523086757888.0,2578113024.0,2325809.0,8910.51171875,3.1581884544
2668,1,633276788,False,0.514040470123291,6430,5830,5250,0.00580082780384511,0.0114413760602474,8.12296485900879,709.963989257812,0.00448175774375,114046440,88,97385725952.0,319767296.0,2597458432.0,3658577.75,0.3917149376
2669,1,633275987,False,0.212865069508553,8550,5050,5680,8.29225457812147e-05,0.00144660717342049,0.977549612522125,675.753356933594,6.40665046875e-05,114046440,607344834,10427897856.0,36153000.0,35341352.0,52299.1875,0.044287425
2670,2,633275116,False,0.43405881524086,8410,4100,5900,0.00138186078605906,0.0129897948354483,5.28250360488892,406.665679931641,0.0010676347390625,114046440,62,3281410560.0,67094100.0,354424832.0,871538.5625,0.0821902725
2671,3,633277378,False,0.470522314310074,6550,2920,6350,0.000860108847013761,9.13640099534469e-05,0.0644976623254405,705.941676140356,0.000664525756654358,114046440,726,1560182652928.0,5937458368.0,382952184.890625,542470.005432129,7.2733865008
2672,3,633277684,True,1.0,6530,5900,6570,0.809021439837644,0.887358928060838,3671.57406383237,4137.64255672271,0.6250552896,114046440,1097,2197100691456.0,575020096.0,2111228870656.0,510249216.0,0.7043996176
2673,2,633275271,False,0.780824780464172,7210,930,6330,0.000232253253726543,0.00043018109863624,0.390759021043777,908.359313964844,0.000179440392578125,114046440,274,100828823552.0,340512288.0,133058248.0,146481.953125,0.4171275528
2674,3,633276955,False,0.439274162054062,11430,5030,5540,0.00100731301278325,0.00257600158089742,1.58070162372484,613.626030141707,0.0007782566640625,114046440,154,50674313984.0,246627008.0,389843712.0,635311.5625,0.3021180848
2675,3,633277216,False,0.54746288061142,9270,4250,9520,0.000429499405262271,0.000143476090848455,0.115529382518671,805.216965666409,0.000331834067578125,114046440,502,646295781376.0,1888014592.0,218121160.0,270884.953125,2.3128178752
2676,2,633275895,False,0.774648308753967,6190,860,6970,0.00194297222236078,0.0178281832486391,18.0410099029541,1011.93768310547,0.001501153128125,114046440,1086,28361797092.0625,68735616.0,1240059904.0,1225431.125,0.0842011296
2677,1,633276346,False,0.0111711286008358,10310,2220,2170,2.73756065411265e-07,1.97989493244677e-06,0.000382238678866997,193.060073852539,2.11505738067627e-07,114046440,750,19726610432.0,87205504.0,33333.31640625,172.657745361328,0.1068267424
